17
17
17
17
17
17
17
17
18
18
18
18
18
18
18
18
3
3
3
3
4
4
4
4
2
2
2
2
2
2
2
2
5
5
3
4
17
18
19
20
2
17
17
18
18
3
4
4
4
5
5
3
4
17
18
19
20
17
17
18
18
3
4
4
4
17
17
18
18
3
4
4
4
5
5
3
4
17
18
19
20
17
17
18
18
3
4
4
4
5
5
3
4
17
18
19
20
5
5
3
4
17
18
19
20
5
5
3
4
17
18
19
20
2
2
5
9
13
17
17
21
25
29
2
2
3
4
5
6
7
8
9
10
11
12
13
14
2
16
17
18
19
20
21
22
23
24
25
26
27
28
29
30
31
2
2
2
3
4
5
6
7
8
9
10
11
12
13
14
16
17
18
19
20
21
22
23
24
25
26
27
28
29
30
31
2
2
2
3
4
5
6
7
8
9
10
11
12
13
14
16
17
18
19
20
21
22
23
24
25
26
27
28
29
30
31
2
