1324= 1244 1674 1188 1674 1377 1782 1296 1782 1242 1674 1188 1674 1377 1782 1296 1782 4428 6615 4428 6615 4455 6642 4455 6642 3942 5886 3942 5886 3969 5913 3969 5913 135 108 108 108 27 27 27 27 567 
1325= 1188 1730 1188 1674 1296 1863 1296 1782 1188 1728 1188 1674 1296 1863 1296 1782 3942 5886 3942 5886 3969 5913 3969 5913 4428 6615 4428 6615 4455 6642 4455 6642 108 135 108 108 27 27 27 27 567 
1326= 1188 1674 1244 1674 1296 1782 1377 1782 1188 1674 1242 1674 1296 1782 1377 1782 4428 6615 4428 6615 3969 5913 3969 5913 4428 6615 4428 6615 3969 5913 3969 5913 108 108 135 108 27 27 27 27 567 
1327= 1188 1674 1188 1730 1296 1782 1296 1863 1188 1674 1188 1728 1296 1782 1296 1863 3942 5886 3942 5886 4455 6642 4455 6642 3942 5886 3942 5886 4455 6642 4455 6642 108 108 108 135 27 27 27 27 567 
1328= 1242 1674 1188 1674 1379 1782 1296 1782 1242 1674 1188 1674 1377 1782 1296 1782 4428 6615 4428 6615 4455 6642 4455 6642 3942 5886 3942 5886 3969 5913 3969 5913 135 108 108 108 27 27 27 27 567 
1329= 1188 1728 1188 1674 1296 1865 1296 1782 1188 1728 1188 1674 1296 1863 1296 1782 3942 5886 3942 5886 3969 5913 3969 5913 4428 6615 4428 6615 4455 6642 4455 6642 108 135 108 108 27 27 27 27 567 
1330= 1188 1674 1242 1674 1296 1782 1379 1782 1188 1674 1242 1674 1296 1782 1377 1782 4428 6615 4428 6615 3969 5913 3969 5913 4428 6615 4428 6615 3969 5913 3969 5913 108 108 135 108 27 27 27 27 567 
1331= 1188 1674 1188 1728 1296 1782 1296 1865 1188 1674 1188 1728 1296 1782 1296 1863 3942 5886 3942 5886 4455 6642 4455 6642 3942 5886 3942 5886 4455 6642 4455 6642 108 108 108 135 27 27 27 27 567 
1332= 1242 1674 1188 1674 1377 1782 1296 1782 1244 1674 1188 1674 1377 1782 1296 1782 4428 6615 4428 6615 4455 6642 4455 6642 3942 5886 3942 5886 3969 5913 3969 5913 135 108 108 108 27 27 27 27 567 
1333= 1188 1728 1188 1674 1296 1863 1296 1782 1188 1730 1188 1674 1296 1863 1296 1782 3942 5886 3942 5886 3969 5913 3969 5913 4428 6615 4428 6615 4455 6642 4455 6642 108 135 108 108 27 27 27 27 567 
1334= 1188 1674 1242 1674 1296 1782 1377 1782 1188 1674 1244 1674 1296 1782 1377 1782 4428 6615 4428 6615 3969 5913 3969 5913 4428 6615 4428 6615 3969 5913 3969 5913 108 108 135 108 27 27 27 27 567 
1335= 1188 1674 1188 1728 1296 1782 1296 1863 1188 1674 1188 1730 1296 1782 1296 1863 3942 5886 3942 5886 4455 6642 4455 6642 3942 5886 3942 5886 4455 6642 4455 6642 108 108 108 135 27 27 27 27 567 
1336= 1242 1674 1188 1674 1377 1782 1296 1782 1242 1674 1188 1674 1379 1782 1296 1782 4428 6615 4428 6615 4455 6642 4455 6642 3942 5886 3942 5886 3969 5913 3969 5913 135 108 108 108 27 27 27 27 567 
1337= 1188 1728 1188 1674 1296 1863 1296 1782 1188 1728 1188 1674 1296 1865 1296 1782 3942 5886 3942 5886 3969 5913 3969 5913 4428 6615 4428 6615 4455 6642 4455 6642 108 135 108 108 27 27 27 27 567 
1338 = 0 0 0 0 0 0 0 0 0 0 0 0 0 0 0 0 0 0 0 0 0 0 0 0 0 0 0 0 0 0 0 0 0 0 0 0 0 0 0 0 0 
1339= 1188 1674 1188 1728 1296 1782 1296 1863 1188 1674 1188 1728 1296 1782 1296 1865 3942 5886 3942 5886 4455 6642 4455 6642 3942 5886 3942 5886 4455 6642 4455 6642 108 108 108 135 27 27 27 27 567 
1340= 4428 6615 4428 6615 4455 6642 4455 6642 3942 5886 3942 5886 3969 5913 3969 5913 1244 1674 1188 1674 1377 1782 1296 1782 1242 1674 1188 1674 1377 1782 1296 1782 27 27 27 27 135 108 108 108 567 
1341= 3942 5886 3942 5886 3969 5913 3969 5913 4428 6615 4428 6615 4455 6642 4455 6642 1188 1730 1188 1674 1296 1863 1296 1782 1188 1728 1188 1674 1296 1863 1296 1782 27 27 27 27 108 135 108 108 567 
1342= 4428 6615 4428 6615 3969 5913 3969 5913 4428 6615 4428 6615 3969 5913 3969 5913 1188 1674 1244 1674 1296 1782 1377 1782 1188 1674 1242 1674 1296 1782 1377 1782 27 27 27 27 108 108 135 108 567 
1343= 3942 5886 3942 5886 4455 6642 4455 6642 3942 5886 3942 5886 4455 6642 4455 6642 1188 1674 1188 1730 1296 1782 1296 1863 1188 1674 1188 1728 1296 1782 1296 1863 27 27 27 27 108 108 108 135 567 
1344= 4428 6615 4428 6615 4455 6642 4455 6642 3942 5886 3942 5886 3969 5913 3969 5913 1242 1674 1188 1674 1379 1782 1296 1782 1242 1674 1188 1674 1377 1782 1296 1782 27 27 27 27 135 108 108 108 567 
1345= 3942 5886 3942 5886 3969 5913 3969 5913 4428 6615 4428 6615 4455 6642 4455 6642 1188 1728 1188 1674 1296 1865 1296 1782 1188 1728 1188 1674 1296 1863 1296 1782 27 27 27 27 108 135 108 108 567 
1346= 4428 6615 4428 6615 3969 5913 3969 5913 4428 6615 4428 6615 3969 5913 3969 5913 1188 1674 1242 1674 1296 1782 1379 1782 1188 1674 1242 1674 1296 1782 1377 1782 27 27 27 27 108 108 135 108 567 
1347= 3942 5886 3942 5886 4455 6642 4455 6642 3942 5886 3942 5886 4455 6642 4455 6642 1188 1674 1188 1728 1296 1782 1296 1865 1188 1674 1188 1728 1296 1782 1296 1863 27 27 27 27 108 108 108 135 567 
1348= 4428 6615 4428 6615 4455 6642 4455 6642 3942 5886 3942 5886 3969 5913 3969 5913 1242 1674 1188 1674 1377 1782 1296 1782 1244 1674 1188 1674 1377 1782 1296 1782 27 27 27 27 135 108 108 108 567 
1349= 3942 5886 3942 5886 3969 5913 3969 5913 4428 6615 4428 6615 4455 6642 4455 6642 1188 1728 1188 1674 1296 1863 1296 1782 1188 1730 1188 1674 1296 1863 1296 1782 27 27 27 27 108 135 108 108 567 
1350= 4428 6615 4428 6615 3969 5913 3969 5913 4428 6615 4428 6615 3969 5913 3969 5913 1188 1674 1242 1674 1296 1782 1377 1782 1188 1674 1244 1674 1296 1782 1377 1782 27 27 27 27 108 108 135 108 567 
1351= 3942 5886 3942 5886 4455 6642 4455 6642 3942 5886 3942 5886 4455 6642 4455 6642 1188 1674 1188 1728 1296 1782 1296 1863 1188 1674 1188 1730 1296 1782 1296 1863 27 27 27 27 108 108 108 135 567 
1352= 4428 6615 4428 6615 4455 6642 4455 6642 3942 5886 3942 5886 3969 5913 3969 5913 1242 1674 1188 1674 1377 1782 1296 1782 1242 1674 1188 1674 1379 1782 1296 1782 27 27 27 27 135 108 108 108 567 
1353= 3942 5886 3942 5886 3969 5913 3969 5913 4428 6615 4428 6615 4455 6642 4455 6642 1188 1728 1188 1674 1296 1863 1296 1782 1188 1728 1188 1674 1296 1865 1296 1782 27 27 27 27 108 135 108 108 567 
1354= 4428 6615 4428 6615 3969 5913 3969 5913 4428 6615 4428 6615 3969 5913 3969 5913 1188 1674 1242 1674 1296 1782 1377 1782 1188 1674 1242 1674 1296 1782 1379 1782 27 27 27 27 108 108 135 108 567 
1355= 3942 5886 3942 5886 4455 6642 4455 6642 3942 5886 3942 5886 4455 6642 4455 6642 1188 1674 1188 1728 1296 1782 1296 1863 1188 1674 1188 1728 1296 1782 1296 1865 27 27 27 27 108 108 108 135 567 
