1=1244	1188	1188	1188	1242	1188	1188	1188	1242	1188	1188	1188	1242	1188	0	1188	4428	3942	4428	3942	4428	3942	4428	3942	4428	3942	4428	3942	4428	3942	4428	3942	
8=1674	1730	1674	1674	1674	1728	1674	1674	1674	1728	1674	1674	1674	1728	0	1674	6615	5886	6615	5886	6615	5886	6615	5886	6615	5886	6615	5886	6615	5886	6615	5886	
15=1188	1188	1244	1188	1188	1188	1242	1188	1188	1188	1242	1188	1188	1188	0	1188	4428	3942	4428	3942	4428	3942	4428	3942	4428	3942	4428	3942	4428	3942	4428	3942	
22=1674	1674	1674	1730	1674	1674	1674	1728	1674	1674	1674	1728	1674	1674	0	1728	6615	5886	6615	5886	6615	5886	6615	5886	6615	5886	6615	5886	6615	5886	6615	5886	
29=1377	1296	1296	1296	1379	1296	1296	1296	1377	1296	1296	1296	1377	1296	0	1296	4455	3969	3969	4455	4455	3969	3969	4455	4455	3969	3969	4455	4455	3969	3969	4455	
36=1782	1863	1782	1782	1782	1865	1782	1782	1782	1863	1782	1782	1782	1863	0	1782	6642	5913	5913	6642	6642	5913	5913	6642	6642	5913	5913	6642	6642	5913	5913	6642	
43=1296	1296	1377	1296	1296	1296	1379	1296	1296	1296	1377	1296	1296	1296	0	1296	4455	3969	3969	4455	4455	3969	3969	4455	4455	3969	3969	4455	4455	3969	3969	4455	
50=1782	1782	1782	1863	1782	1782	1782	1865	1782	1782	1782	1863	1782	1782	0	1863	6642	5913	5913	6642	6642	5913	5913	6642	6642	5913	5913	6642	6642	5913	5913	6642	
57=1242	1188	1188	1188	1242	1188	1188	1188	1244	1188	1188	1188	1242	1188	0	1188	3942	4428	4428	3942	3942	4428	4428	3942	3942	4428	4428	3942	3942	4428	4428	3942	
64=1674	1728	1674	1674	1674	1728	1674	1674	1674	1730	1674	1674	1674	1728	0	1674	5886	6615	6615	5886	5886	6615	6615	5886	5886	6615	6615	5886	5886	6615	6615	5886	
71=1188	1188	1242	1188	1188	1188	1242	1188	1188	1188	1244	1188	1188	1188	0	1188	3942	4428	4428	3942	3942	4428	4428	3942	3942	4428	4428	3942	3942	4428	4428	3942	
78=1674	1674	1674	1728	1674	1674	1674	1728	1674	1674	1674	1730	1674	1674	0	1728	5886	6615	6615	5886	5886	6615	6615	5886	5886	6615	6615	5886	5886	6615	6615	5886	
85=1377	1296	1296	1296	1377	1296	1296	1296	1377	1296	1296	1296	1379	1296	0	1296	3969	4455	3969	4455	3969	4455	3969	4455	3969	4455	3969	4455	3969	4455	3969	4455	
92=1782	1863	1782	1782	1782	1863	1782	1782	1782	1863	1782	1782	1782	1865	0	1782	5913	6642	5913	6642	5913	6642	5913	6642	5913	6642	5913	6642	5913	6642	5913	6642	
99=1296	1296	1377	1296	1296	1296	1377	1296	1296	1296	1377	1296	1296	1296	0	1296	3969	4455	3969	4455	3969	4455	3969	4455	3969	4455	3969	4455	3969	4455	3969	4455	
106=1782	1782	1782	1863	1782	1782	1782	1863	1782	1782	1782	1863	1782	1782	0	1865	5913	6642	5913	6642	5913	6642	5913	6642	5913	6642	5913	6642	5913	6642	5913	6642	
113=4428	3942	4428	3942	4428	3942	4428	3942	4428	3942	4428	3942	4428	3942	0	3942	1244	1188	1188	1188	1242	1188	1188	1188	1242	1188	1188	1188	1242	1188	1188	1188	
120=6615	5886	6615	5886	6615	5886	6615	5886	6615	5886	6615	5886	6615	5886	0	5886	1674	1730	1674	1674	1674	1728	1674	1674	1674	1728	1674	1674	1674	1728	1674	1674	
127=4428	3942	4428	3942	4428	3942	4428	3942	4428	3942	4428	3942	4428	3942	0	3942	1188	1188	1244	1188	1188	1188	1242	1188	1188	1188	1242	1188	1188	1188	1242	1188	
134=6615	5886	6615	5886	6615	5886	6615	5886	6615	5886	6615	5886	6615	5886	0	5886	1674	1674	1674	1730	1674	1674	1674	1728	1674	1674	1674	1728	1674	1674	1674	1728	
141=4455	3969	3969	4455	4455	3969	3969	4455	4455	3969	3969	4455	4455	3969	0	4455	1377	1296	1296	1296	1379	1296	1296	1296	1377	1296	1296	1296	1377	1296	1296	1296	
148=6642	5913	5913	6642	6642	5913	5913	6642	6642	5913	5913	6642	6642	5913	0	6642	1782	1863	1782	1782	1782	1865	1782	1782	1782	1863	1782	1782	1782	1863	1782	1782	
155=4455	3969	3969	4455	4455	3969	3969	4455	4455	3969	3969	4455	4455	3969	0	4455	1296	1296	1377	1296	1296	1296	1379	1296	1296	1296	1377	1296	1296	1296	1377	1296	
162=6642	5913	5913	6642	6642	5913	5913	6642	6642	5913	5913	6642	6642	5913	0	6642	1782	1782	1782	1863	1782	1782	1782	1865	1782	1782	1782	1863	1782	1782	1782	1863	
169=3942	4428	4428	3942	3942	4428	4428	3942	3942	4428	4428	3942	3942	4428	0	3942	1242	1188	1188	1188	1242	1188	1188	1188	1244	1188	1188	1188	1242	1188	1188	1188	
176=5886	6615	6615	5886	5886	6615	6615	5886	5886	6615	6615	5886	5886	6615	0	5886	1674	1728	1674	1674	1674	1728	1674	1674	1674	1730	1674	1674	1674	1728	1674	1674	
183=3942	4428	4428	3942	3942	4428	4428	3942	3942	4428	4428	3942	3942	4428	0	3942	1188	1188	1242	1188	1188	1188	1242	1188	1188	1188	1244	1188	1188	1188	1242	1188	
190=5886	6615	6615	5886	5886	6615	6615	5886	5886	6615	6615	5886	5886	6615	0	5886	1674	1674	1674	1728	1674	1674	1674	1728	1674	1674	1674	1730	1674	1674	1674	1728	
197=3969	4455	3969	4455	3969	4455	3969	4455	3969	4455	3969	4455	3969	4455	0	4455	1377	1296	1296	1296	1377	1296	1296	1296	1377	1296	1296	1296	1379	1296	1296	1296	
204=5913	6642	5913	6642	5913	6642	5913	6642	5913	6642	5913	6642	5913	6642	0	6642	1782	1863	1782	1782	1782	1863	1782	1782	1782	1863	1782	1782	1782	1865	1782	1782	
211=3969	4455	3969	4455	3969	4455	3969	4455	3969	4455	3969	4455	3969	4455	0	4455	1296	1296	1377	1296	1296	1296	1377	1296	1296	1296	1377	1296	1296	1296	1379	1296	
218=5913	6642	5913	6642	5913	6642	5913	6642	5913	6642	5913	6642	5913	6642	0	6642	1782	1782	1782	1863	1782	1782	1782	1863	1782	1782	1782	1863	1782	1782	1782	1865	
225=135	108	108	108	135	108	108	108	135	108	108	108	135	108	0	108	27	27	27	27	27	27	27	27	27	27	27	27	27	27	27	27	
226=108	135	108	108	108	135	108	108	108	135	108	108	108	135	0	108	27	27	27	27	27	27	27	27	27	27	27	27	27	27	27	27	
227=108	108	135	108	108	108	135	108	108	108	135	108	108	108	0	108	27	27	27	27	27	27	27	27	27	27	27	27	27	27	27	27	
228=108	108	108	135	108	108	108	135	108	108	108	135	108	108	0	135	27	27	27	27	27	27	27	27	27	27	27	27	27	27	27	27	
229=27	27	27	27	27	27	27	27	27	27	27	27	27	27	0	27	135	108	108	108	135	108	108	108	135	108	108	108	135	108	108	108	
230=27	27	27	27	27	27	27	27	27	27	27	27	27	27	0	27	108	135	108	108	108	135	108	108	108	135	108	108	108	135	108	108	
231=27	27	27	27	27	27	27	27	27	27	27	27	27	27	0	27	108	108	135	108	108	108	135	108	108	108	135	108	108	108	135	108	
232=27	27	27	27	27	27	27	27	27	27	27	27	27	27	0	27	108	108	108	135	108	108	108	135	108	108	108	135	108	108	108	135	
233=567	567	567	567	567	567	567	567	567	567	567	567	567	567	0	567	567	567	567	567	567	567	567	567	567	567	567	567	567	567	567	567	
242=135	108	108	108	135	108	108	108	135	108	108	108	135	108	0	108	27	27	27	27	27	27	27	27	27	27	27	27	27	27	27	27	
245=108	135	108	108	108	135	108	108	108	135	108	108	108	135	0	108	27	27	27	27	27	27	27	27	27	27	27	27	27	27	27	27	
248=108	108	135	108	108	108	135	108	108	108	135	108	108	108	0	108	27	27	27	27	27	27	27	27	27	27	27	27	27	27	27	27	
251=108	108	108	135	108	108	108	135	108	108	108	135	108	108	0	135	27	27	27	27	27	27	27	27	27	27	27	27	27	27	27	27	
254=27	27	27	27	27	27	27	27	27	27	27	27	27	27	0	27	135	108	108	108	135	108	108	108	135	108	108	108	135	108	108	108	
257=27	27	27	27	27	27	27	27	27	27	27	27	27	27	0	27	108	135	108	108	108	135	108	108	108	135	108	108	108	135	108	108	
260=27	27	27	27	27	27	27	27	27	27	27	27	27	27	0	27	108	108	135	108	108	108	135	108	108	108	135	108	108	108	135	108	
263=27	27	27	27	27	27	27	27	27	27	27	27	27	27	0	27	108	108	108	135	108	108	108	135	108	108	108	135	108	108	108	135	
266=972	972	972	972	972	972	972	972	972	972	972	972	972	972	0	972	4374	3888	4374	3888	4374	3888	4374	3888	4374	3888	4374	3888	4374	3888	4374	3888	
269=972	972	972	972	972	972	972	972	972	972	972	972	972	972	0	972	4374	3888	4374	3888	4374	3888	4374	3888	4374	3888	4374	3888	4374	3888	4374	3888	
272=972	972	972	972	972	972	972	972	972	972	972	972	972	972	0	972	4374	3888	3888	4374	4374	3888	3888	4374	4374	3888	3888	4374	4374	3888	3888	4374	
275=972	972	972	972	972	972	972	972	972	972	972	972	972	972	0	972	4374	3888	3888	4374	4374	3888	3888	4374	4374	3888	3888	4374	4374	3888	3888	4374	
278=972	972	972	972	972	972	972	972	972	972	972	972	972	972	0	972	3888	4374	4374	3888	3888	4374	4374	3888	3888	4374	4374	3888	3888	4374	4374	3888	
281=972	972	972	972	972	972	972	972	972	972	972	972	972	972	0	972	3888	4374	4374	3888	3888	4374	4374	3888	3888	4374	4374	3888	3888	4374	4374	3888	
284=972	972	972	972	972	972	972	972	972	972	972	972	972	972	0	972	3888	4374	3888	4374	3888	4374	3888	4374	3888	4374	3888	4374	3888	4374	3888	4374	
287=972	972	972	972	972	972	972	972	972	972	972	972	972	972	0	972	3888	4374	3888	4374	3888	4374	3888	4374	3888	4374	3888	4374	3888	4374	3888	4374	
290=4374	3888	4374	3888	4374	3888	4374	3888	4374	3888	4374	3888	4374	3888	0	3888	972	972	972	972	972	972	972	972	972	972	972	972	972	972	972	972	
293=4374	3888	4374	3888	4374	3888	4374	3888	4374	3888	4374	3888	4374	3888	0	3888	972	972	972	972	972	972	972	972	972	972	972	972	972	972	972	972	
296=4374	3888	3888	4374	4374	3888	3888	4374	4374	3888	3888	4374	4374	3888	0	4374	972	972	972	972	972	972	972	972	972	972	972	972	972	972	972	972	
299=4374	3888	3888	4374	4374	3888	3888	4374	4374	3888	3888	4374	4374	3888	0	4374	972	972	972	972	972	972	972	972	972	972	972	972	972	972	972	972	
302=3888	4374	4374	3888	3888	4374	4374	3888	3888	4374	4374	3888	3888	4374	0	3888	972	972	972	972	972	972	972	972	972	972	972	972	972	972	972	972	
305=3888	4374	4374	3888	3888	4374	4374	3888	3888	4374	4374	3888	3888	4374	0	3888	972	972	972	972	972	972	972	972	972	972	972	972	972	972	972	972	
308=3888	4374	3888	4374	3888	4374	3888	4374	3888	4374	3888	4374	3888	4374	0	4374	972	972	972	972	972	972	972	972	972	972	972	972	972	972	972	972	
311=3888	4374	3888	4374	3888	4374	3888	4374	3888	4374	3888	4374	3888	4374	0	4374	972	972	972	972	972	972	972	972	972	972	972	972	972	972	972	972	
314=270	216	216	216	270	216	216	216	270	216	216	216	270	216	0	216	54	54	54	54	54	54	54	54	54	54	54	54	54	54	54	54	
317=270	216	216	216	270	216	216	216	270	216	216	216	270	216	0	216	54	54	54	54	54	54	54	54	54	54	54	54	54	54	54	54	
320=216	270	216	216	216	270	216	216	216	270	216	216	216	270	0	216	54	54	54	54	54	54	54	54	54	54	54	54	54	54	54	54	
323=216	270	216	216	216	270	216	216	216	270	216	216	216	270	0	216	54	54	54	54	54	54	54	54	54	54	54	54	54	54	54	54	
326=216	216	270	216	216	216	270	216	216	216	270	216	216	216	0	216	54	54	54	54	54	54	54	54	54	54	54	54	54	54	54	54	
329=216	216	270	216	216	216	270	216	216	216	270	216	216	216	0	216	54	54	54	54	54	54	54	54	54	54	54	54	54	54	54	54	
332=216	216	216	270	216	216	216	270	216	216	216	270	216	216	0	270	54	54	54	54	54	54	54	54	54	54	54	54	54	54	54	54	
335=216	216	216	270	216	216	216	270	216	216	216	270	216	216	0	270	54	54	54	54	54	54	54	54	54	54	54	54	54	54	54	54	
338=54	54	54	54	54	54	54	54	54	54	54	54	54	54	0	54	270	216	216	216	270	216	216	216	270	216	216	216	270	216	216	216	
341=54	54	54	54	54	54	54	54	54	54	54	54	54	54	0	54	270	216	216	216	270	216	216	216	270	216	216	216	270	216	216	216	
344=54	54	54	54	54	54	54	54	54	54	54	54	54	54	0	54	216	270	216	216	216	270	216	216	216	270	216	216	216	270	216	216	
347=54	54	54	54	54	54	54	54	54	54	54	54	54	54	0	54	216	270	216	216	216	270	216	216	216	270	216	216	216	270	216	216	
350=54	54	54	54	54	54	54	54	54	54	54	54	54	54	0	54	216	216	270	216	216	216	270	216	216	216	270	216	216	216	270	216	
353=54	54	54	54	54	54	54	54	54	54	54	54	54	54	0	54	216	216	270	216	216	216	270	216	216	216	270	216	216	216	270	216	
356=54	54	54	54	54	54	54	54	54	54	54	54	54	54	0	54	216	216	216	270	216	216	216	270	216	216	216	270	216	216	216	270	
359=54	54	54	54	54	54	54	54	54	54	54	54	54	54	0	54	216	216	216	270	216	216	216	270	216	216	216	270	216	216	216	270	
362=486	486	486	486	486	486	486	486	486	486	486	486	486	486	0	486	2187	1944	2187	1944	2187	1944	2187	1944	2187	1944	2187	1944	2187	1944	2187	1944	
363=486	486	486	486	486	486	486	486	486	486	486	486	486	486	0	486	2187	1944	2187	1944	2187	1944	2187	1944	2187	1944	2187	1944	2187	1944	2187	1944	
364=486	486	486	486	486	486	486	486	486	486	486	486	486	486	0	486	2187	1944	2187	1944	2187	1944	2187	1944	2187	1944	2187	1944	2187	1944	2187	1944	
365=486	486	486	486	486	486	486	486	486	486	486	486	486	486	0	486	2187	1944	2187	1944	2187	1944	2187	1944	2187	1944	2187	1944	2187	1944	2187	1944	
366=486	486	486	486	486	486	486	486	486	486	486	486	486	486	0	486	2187	1944	1944	2187	2187	1944	1944	2187	2187	1944	1944	2187	2187	1944	1944	2187	
367=486	486	486	486	486	486	486	486	486	486	486	486	486	486	0	486	2187	1944	1944	2187	2187	1944	1944	2187	2187	1944	1944	2187	2187	1944	1944	2187	
368=486	486	486	486	486	486	486	486	486	486	486	486	486	486	0	486	2187	1944	1944	2187	2187	1944	1944	2187	2187	1944	1944	2187	2187	1944	1944	2187	
369=486	486	486	486	486	486	486	486	486	486	486	486	486	486	0	486	2187	1944	1944	2187	2187	1944	1944	2187	2187	1944	1944	2187	2187	1944	1944	2187	
370=486	486	486	486	486	486	486	486	486	486	486	486	486	486	0	486	1944	2187	2187	1944	1944	2187	2187	1944	1944	2187	2187	1944	1944	2187	2187	1944	
371=486	486	486	486	486	486	486	486	486	486	486	486	486	486	0	486	1944	2187	2187	1944	1944	2187	2187	1944	1944	2187	2187	1944	1944	2187	2187	1944	
372=486	486	486	486	486	486	486	486	486	486	486	486	486	486	0	486	1944	2187	2187	1944	1944	2187	2187	1944	1944	2187	2187	1944	1944	2187	2187	1944	
373=486	486	486	486	486	486	486	486	486	486	486	486	486	486	0	486	1944	2187	2187	1944	1944	2187	2187	1944	1944	2187	2187	1944	1944	2187	2187	1944	
374=486	486	486	486	486	486	486	486	486	486	486	486	486	486	0	486	1944	2187	1944	2187	1944	2187	1944	2187	1944	2187	1944	2187	1944	2187	1944	2187	
375=486	486	486	486	486	486	486	486	486	486	486	486	486	486	0	486	1944	2187	1944	2187	1944	2187	1944	2187	1944	2187	1944	2187	1944	2187	1944	2187	
376=486	486	486	486	486	486	486	486	486	486	486	486	486	486	0	486	1944	2187	1944	2187	1944	2187	1944	2187	1944	2187	1944	2187	1944	2187	1944	2187	
377=486	486	486	486	486	486	486	486	486	486	486	486	486	486	0	486	1944	2187	1944	2187	1944	2187	1944	2187	1944	2187	1944	2187	1944	2187	1944	2187	
378=2187	1944	2187	1944	2187	1944	2187	1944	2187	1944	2187	1944	2187	1944	0	1944	486	486	486	486	486	486	486	486	486	486	486	486	486	486	486	486	
379=2187	1944	2187	1944	2187	1944	2187	1944	2187	1944	2187	1944	2187	1944	0	1944	486	486	486	486	486	486	486	486	486	486	486	486	486	486	486	486	
380=2187	1944	2187	1944	2187	1944	2187	1944	2187	1944	2187	1944	2187	1944	0	1944	486	486	486	486	486	486	486	486	486	486	486	486	486	486	486	486	
381=2187	1944	2187	1944	2187	1944	2187	1944	2187	1944	2187	1944	2187	1944	0	1944	486	486	486	486	486	486	486	486	486	486	486	486	486	486	486	486	
382=2187	1944	1944	2187	2187	1944	1944	2187	2187	1944	1944	2187	2187	1944	0	2187	486	486	486	486	486	486	486	486	486	486	486	486	486	486	486	486	
383=2187	1944	1944	2187	2187	1944	1944	2187	2187	1944	1944	2187	2187	1944	0	2187	486	486	486	486	486	486	486	486	486	486	486	486	486	486	486	486	
384=2187	1944	1944	2187	2187	1944	1944	2187	2187	1944	1944	2187	2187	1944	0	2187	486	486	486	486	486	486	486	486	486	486	486	486	486	486	486	486	
385=2187	1944	1944	2187	2187	1944	1944	2187	2187	1944	1944	2187	2187	1944	0	2187	486	486	486	486	486	486	486	486	486	486	486	486	486	486	486	486	
386=1944	2187	2187	1944	1944	2187	2187	1944	1944	2187	2187	1944	1944	2187	0	1944	486	486	486	486	486	486	486	486	486	486	486	486	486	486	486	486	
387=1944	2187	2187	1944	1944	2187	2187	1944	1944	2187	2187	1944	1944	2187	0	1944	486	486	486	486	486	486	486	486	486	486	486	486	486	486	486	486	
388=1944	2187	2187	1944	1944	2187	2187	1944	1944	2187	2187	1944	1944	2187	0	1944	486	486	486	486	486	486	486	486	486	486	486	486	486	486	486	486	
389=1944	2187	2187	1944	1944	2187	2187	1944	1944	2187	2187	1944	1944	2187	0	1944	486	486	486	486	486	486	486	486	486	486	486	486	486	486	486	486	
390=1944	2187	1944	2187	1944	2187	1944	2187	1944	2187	1944	2187	1944	2187	0	2187	486	486	486	486	486	486	486	486	486	486	486	486	486	486	486	486	
391=1944	2187	1944	2187	1944	2187	1944	2187	1944	2187	1944	2187	1944	2187	0	2187	486	486	486	486	486	486	486	486	486	486	486	486	486	486	486	486	
392=1944	2187	1944	2187	1944	2187	1944	2187	1944	2187	1944	2187	1944	2187	0	2187	486	486	486	486	486	486	486	486	486	486	486	486	486	486	486	486	
393=1944	2187	1944	2187	1944	2187	1944	2187	1944	2187	1944	2187	1944	2187	0	2187	486	486	486	486	486	486	486	486	486	486	486	486	486	486	486	486	
394=135	108	108	108	135	108	108	108	135	108	108	108	135	108	0	108	27	27	27	27	27	27	27	27	27	27	27	27	27	27	27	27	
395=135	108	108	108	135	108	108	108	135	108	108	108	135	108	0	108	27	27	27	27	27	27	27	27	27	27	27	27	27	27	27	27	
396=135	108	108	108	135	108	108	108	135	108	108	108	135	108	0	108	27	27	27	27	27	27	27	27	27	27	27	27	27	27	27	27	
397=135	108	108	108	135	108	108	108	135	108	108	108	135	108	0	108	27	27	27	27	27	27	27	27	27	27	27	27	27	27	27	27	
398=108	135	108	108	108	135	108	108	108	135	108	108	108	135	0	108	27	27	27	27	27	27	27	27	27	27	27	27	27	27	27	27	
399=108	135	108	108	108	135	108	108	108	135	108	108	108	135	0	108	27	27	27	27	27	27	27	27	27	27	27	27	27	27	27	27	
400=108	135	108	108	108	135	108	108	108	135	108	108	108	135	0	108	27	27	27	27	27	27	27	27	27	27	27	27	27	27	27	27	
401=108	135	108	108	108	135	108	108	108	135	108	108	108	135	0	108	27	27	27	27	27	27	27	27	27	27	27	27	27	27	27	27	
402=108	108	135	108	108	108	135	108	108	108	135	108	108	108	0	108	27	27	27	27	27	27	27	27	27	27	27	27	27	27	27	27	
403=108	108	135	108	108	108	135	108	108	108	135	108	108	108	0	108	27	27	27	27	27	27	27	27	27	27	27	27	27	27	27	27	
404=108	108	135	108	108	108	135	108	108	108	135	108	108	108	0	108	27	27	27	27	27	27	27	27	27	27	27	27	27	27	27	27	
405=108	108	135	108	108	108	135	108	108	108	135	108	108	108	0	108	27	27	27	27	27	27	27	27	27	27	27	27	27	27	27	27	
406=108	108	108	135	108	108	108	135	108	108	108	135	108	108	0	135	27	27	27	27	27	27	27	27	27	27	27	27	27	27	27	27	
407=108	108	108	135	108	108	108	135	108	108	108	135	108	108	0	135	27	27	27	27	27	27	27	27	27	27	27	27	27	27	27	27	
408=108	108	108	135	108	108	108	135	108	108	108	135	108	108	0	135	27	27	27	27	27	27	27	27	27	27	27	27	27	27	27	27	
409=108	108	108	135	108	108	108	135	108	108	108	135	108	108	0	135	27	27	27	27	27	27	27	27	27	27	27	27	27	27	27	27	
410=27	27	27	27	27	27	27	27	27	27	27	27	27	27	0	27	135	108	108	108	135	108	108	108	135	108	108	108	135	108	108	108	
411=27	27	27	27	27	27	27	27	27	27	27	27	27	27	0	27	135	108	108	108	135	108	108	108	135	108	108	108	135	108	108	108	
412=27	27	27	27	27	27	27	27	27	27	27	27	27	27	0	27	135	108	108	108	135	108	108	108	135	108	108	108	135	108	108	108	
413=27	27	27	27	27	27	27	27	27	27	27	27	27	27	0	27	135	108	108	108	135	108	108	108	135	108	108	108	135	108	108	108	
414=27	27	27	27	27	27	27	27	27	27	27	27	27	27	0	27	108	135	108	108	108	135	108	108	108	135	108	108	108	135	108	108	
415=27	27	27	27	27	27	27	27	27	27	27	27	27	27	0	27	108	135	108	108	108	135	108	108	108	135	108	108	108	135	108	108	
416=27	27	27	27	27	27	27	27	27	27	27	27	27	27	0	27	108	135	108	108	108	135	108	108	108	135	108	108	108	135	108	108	
417=27	27	27	27	27	27	27	27	27	27	27	27	27	27	0	27	108	135	108	108	108	135	108	108	108	135	108	108	108	135	108	108	
418=27	27	27	27	27	27	27	27	27	27	27	27	27	27	0	27	108	108	135	108	108	108	135	108	108	108	135	108	108	108	135	108	
419=27	27	27	27	27	27	27	27	27	27	27	27	27	27	0	27	108	108	135	108	108	108	135	108	108	108	135	108	108	108	135	108	
420=27	27	27	27	27	27	27	27	27	27	27	27	27	27	0	27	108	108	135	108	108	108	135	108	108	108	135	108	108	108	135	108	
421=27	27	27	27	27	27	27	27	27	27	27	27	27	27	0	27	108	108	135	108	108	108	135	108	108	108	135	108	108	108	135	108	
422=27	27	27	27	27	27	27	27	27	27	27	27	27	27	0	27	108	108	108	135	108	108	108	135	108	108	108	135	108	108	108	135	
423=27	27	27	27	27	27	27	27	27	27	27	27	27	27	0	27	108	108	108	135	108	108	108	135	108	108	108	135	108	108	108	135	
424=27	27	27	27	27	27	27	27	27	27	27	27	27	27	0	27	108	108	108	135	108	108	108	135	108	108	108	135	108	108	108	135	
425=27	27	27	27	27	27	27	27	27	27	27	27	27	27	0	27	108	108	108	135	108	108	108	135	108	108	108	135	108	108	108	135	
426=486	486	486	486	486	486	486	486	486	486	486	486	486	486	0	486	2187	1944	2187	1944	2187	1944	2187	1944	2187	1944	2187	1944	2187	1944	2187	1944	
429=486	486	486	486	486	486	486	486	486	486	486	486	486	486	0	486	2187	1944	2187	1944	2187	1944	2187	1944	2187	1944	2187	1944	2187	1944	2187	1944	
432=486	486	486	486	486	486	486	486	486	486	486	486	486	486	0	486	2187	1944	1944	2187	2187	1944	1944	2187	2187	1944	1944	2187	2187	1944	1944	2187	
435=486	486	486	486	486	486	486	486	486	486	486	486	486	486	0	486	2187	1944	1944	2187	2187	1944	1944	2187	2187	1944	1944	2187	2187	1944	1944	2187	
438=486	486	486	486	486	486	486	486	486	486	486	486	486	486	0	486	1944	2187	2187	1944	1944	2187	2187	1944	1944	2187	2187	1944	1944	2187	2187	1944	
441=486	486	486	486	486	486	486	486	486	486	486	486	486	486	0	486	1944	2187	2187	1944	1944	2187	2187	1944	1944	2187	2187	1944	1944	2187	2187	1944	
444=486	486	486	486	486	486	486	486	486	486	486	486	486	486	0	486	1944	2187	1944	2187	1944	2187	1944	2187	1944	2187	1944	2187	1944	2187	1944	2187	
447=486	486	486	486	486	486	486	486	486	486	486	486	486	486	0	486	1944	2187	1944	2187	1944	2187	1944	2187	1944	2187	1944	2187	1944	2187	1944	2187	
450=2187	1944	2187	1944	2187	1944	2187	1944	2187	1944	2187	1944	2187	1944	0	1944	486	486	486	486	486	486	486	486	486	486	486	486	486	486	486	486	
453=2187	1944	2187	1944	2187	1944	2187	1944	2187	1944	2187	1944	2187	1944	0	1944	486	486	486	486	486	486	486	486	486	486	486	486	486	486	486	486	
456=2187	1944	1944	2187	2187	1944	1944	2187	2187	1944	1944	2187	2187	1944	0	2187	486	486	486	486	486	486	486	486	486	486	486	486	486	486	486	486	
459=2187	1944	1944	2187	2187	1944	1944	2187	2187	1944	1944	2187	2187	1944	0	2187	486	486	486	486	486	486	486	486	486	486	486	486	486	486	486	486	
462=1944	2187	2187	1944	1944	2187	2187	1944	1944	2187	2187	1944	1944	2187	0	1944	486	486	486	486	486	486	486	486	486	486	486	486	486	486	486	486	
465=1944	2187	2187	1944	1944	2187	2187	1944	1944	2187	2187	1944	1944	2187	0	1944	486	486	486	486	486	486	486	486	486	486	486	486	486	486	486	486	
468=1944	2187	1944	2187	1944	2187	1944	2187	1944	2187	1944	2187	1944	2187	0	2187	486	486	486	486	486	486	486	486	486	486	486	486	486	486	486	486	
471=1944	2187	1944	2187	1944	2187	1944	2187	1944	2187	1944	2187	1944	2187	0	2187	486	486	486	486	486	486	486	486	486	486	486	486	486	486	486	486	
474=135	108	108	108	135	108	108	108	135	108	108	108	135	108	0	108	27	27	27	27	27	27	27	27	27	27	27	27	27	27	27	27	
477=135	108	108	108	135	108	108	108	135	108	108	108	135	108	0	108	27	27	27	27	27	27	27	27	27	27	27	27	27	27	27	27	
480=108	135	108	108	108	135	108	108	108	135	108	108	108	135	0	108	27	27	27	27	27	27	27	27	27	27	27	27	27	27	27	27	
483=108	135	108	108	108	135	108	108	108	135	108	108	108	135	0	108	27	27	27	27	27	27	27	27	27	27	27	27	27	27	27	27	
486=108	108	135	108	108	108	135	108	108	108	135	108	108	108	0	108	27	27	27	27	27	27	27	27	27	27	27	27	27	27	27	27	
489=108	108	135	108	108	108	135	108	108	108	135	108	108	108	0	108	27	27	27	27	27	27	27	27	27	27	27	27	27	27	27	27	
492=108	108	108	135	108	108	108	135	108	108	108	135	108	108	0	135	27	27	27	27	27	27	27	27	27	27	27	27	27	27	27	27	
495=108	108	108	135	108	108	108	135	108	108	108	135	108	108	0	135	27	27	27	27	27	27	27	27	27	27	27	27	27	27	27	27	
498=27	27	27	27	27	27	27	27	27	27	27	27	27	27	0	27	135	108	108	108	135	108	108	108	135	108	108	108	135	108	108	108	
501=27	27	27	27	27	27	27	27	27	27	27	27	27	27	0	27	135	108	108	108	135	108	108	108	135	108	108	108	135	108	108	108	
504=27	27	27	27	27	27	27	27	27	27	27	27	27	27	0	27	108	135	108	108	108	135	108	108	108	135	108	108	108	135	108	108	
507=27	27	27	27	27	27	27	27	27	27	27	27	27	27	0	27	108	135	108	108	108	135	108	108	108	135	108	108	108	135	108	108	
510=27	27	27	27	27	27	27	27	27	27	27	27	27	27	0	27	108	108	135	108	108	108	135	108	108	108	135	108	108	108	135	108	
513=27	27	27	27	27	27	27	27	27	27	27	27	27	27	0	27	108	108	135	108	108	108	135	108	108	108	135	108	108	108	135	108	
516=27	27	27	27	27	27	27	27	27	27	27	27	27	27	0	27	108	108	108	135	108	108	108	135	108	108	108	135	108	108	108	135	
519=27	27	27	27	27	27	27	27	27	27	27	27	27	27	0	27	108	108	108	135	108	108	108	135	108	108	108	135	108	108	108	135	
522=324	324	324	324	324	324	324	324	324	324	324	324	324	324	0	324	1458	1296	1458	1296	1458	1296	1458	1296	1458	1296	1458	1296	1458	1296	1458	1296	
525=324	324	324	324	324	324	324	324	324	324	324	324	324	324	0	324	1458	1296	1296	1458	1458	1296	1296	1458	1458	1296	1296	1458	1458	1296	1296	1458	
528=324	324	324	324	324	324	324	324	324	324	324	324	324	324	0	324	1296	1458	1458	1296	1296	1458	1458	1296	1296	1458	1458	1296	1296	1458	1458	1296	
531=324	324	324	324	324	324	324	324	324	324	324	324	324	324	0	324	1296	1458	1296	1458	1296	1458	1296	1458	1296	1458	1296	1458	1296	1458	1296	1458	
534=1458	1296	1458	1296	1458	1296	1458	1296	1458	1296	1458	1296	1458	1296	0	1296	324	324	324	324	324	324	324	324	324	324	324	324	324	324	324	324	
537=1458	1296	1296	1458	1458	1296	1296	1458	1458	1296	1296	1458	1458	1296	0	1458	324	324	324	324	324	324	324	324	324	324	324	324	324	324	324	324	
540=1296	1458	1458	1296	1296	1458	1458	1296	1296	1458	1458	1296	1296	1458	0	1296	324	324	324	324	324	324	324	324	324	324	324	324	324	324	324	324	
543=1296	1458	1296	1458	1296	1458	1296	1458	1296	1458	1296	1458	1296	1458	0	1458	324	324	324	324	324	324	324	324	324	324	324	324	324	324	324	324	
546=90	72	72	72	90	72	72	72	90	72	72	72	90	72	0	72	18	18	18	18	18	18	18	18	18	18	18	18	18	18	18	18	
549=72	90	72	72	72	90	72	72	72	90	72	72	72	90	0	72	18	18	18	18	18	18	18	18	18	18	18	18	18	18	18	18	
552=72	72	90	72	72	72	90	72	72	72	90	72	72	72	0	72	18	18	18	18	18	18	18	18	18	18	18	18	18	18	18	18	
555=72	72	72	90	72	72	72	90	72	72	72	90	72	72	0	90	18	18	18	18	18	18	18	18	18	18	18	18	18	18	18	18	
558=18	18	18	18	18	18	18	18	18	18	18	18	18	18	0	18	90	72	72	72	90	72	72	72	90	72	72	72	90	72	72	72	
561=18	18	18	18	18	18	18	18	18	18	18	18	18	18	0	18	72	90	72	72	72	90	72	72	72	90	72	72	72	90	72	72	
564=18	18	18	18	18	18	18	18	18	18	18	18	18	18	0	18	72	72	90	72	72	72	90	72	72	72	90	72	72	72	90	72	
567=18	18	18	18	18	18	18	18	18	18	18	18	18	18	0	18	72	72	72	90	72	72	72	90	72	72	72	90	72	72	72	90	
570=162	162	162	162	162	162	162	162	162	162	162	162	162	162	0	162	729	648	729	648	729	648	729	648	729	648	729	648	729	648	729	648	
571=162	162	162	162	162	162	162	162	162	162	162	162	162	162	0	162	729	648	729	648	729	648	729	648	729	648	729	648	729	648	729	648	
572=162	162	162	162	162	162	162	162	162	162	162	162	162	162	0	162	729	648	648	729	729	648	648	729	729	648	648	729	729	648	648	729	
573=162	162	162	162	162	162	162	162	162	162	162	162	162	162	0	162	729	648	648	729	729	648	648	729	729	648	648	729	729	648	648	729	
574=162	162	162	162	162	162	162	162	162	162	162	162	162	162	0	162	648	729	729	648	648	729	729	648	648	729	729	648	648	729	729	648	
575=162	162	162	162	162	162	162	162	162	162	162	162	162	162	0	162	648	729	729	648	648	729	729	648	648	729	729	648	648	729	729	648	
576=162	162	162	162	162	162	162	162	162	162	162	162	162	162	0	162	648	729	648	729	648	729	648	729	648	729	648	729	648	729	648	729	
577=162	162	162	162	162	162	162	162	162	162	162	162	162	162	0	162	648	729	648	729	648	729	648	729	648	729	648	729	648	729	648	729	
578=729	648	729	648	729	648	729	648	729	648	729	648	729	648	0	648	162	162	162	162	162	162	162	162	162	162	162	162	162	162	162	162	
579=729	648	729	648	729	648	729	648	729	648	729	648	729	648	0	648	162	162	162	162	162	162	162	162	162	162	162	162	162	162	162	162	
580=729	648	648	729	729	648	648	729	729	648	648	729	729	648	0	729	162	162	162	162	162	162	162	162	162	162	162	162	162	162	162	162	
581=729	648	648	729	729	648	648	729	729	648	648	729	729	648	0	729	162	162	162	162	162	162	162	162	162	162	162	162	162	162	162	162	
582=648	729	729	648	648	729	729	648	648	729	729	648	648	729	0	648	162	162	162	162	162	162	162	162	162	162	162	162	162	162	162	162	
583=648	729	729	648	648	729	729	648	648	729	729	648	648	729	0	648	162	162	162	162	162	162	162	162	162	162	162	162	162	162	162	162	
584=648	729	648	729	648	729	648	729	648	729	648	729	648	729	0	729	162	162	162	162	162	162	162	162	162	162	162	162	162	162	162	162	
585=648	729	648	729	648	729	648	729	648	729	648	729	648	729	0	729	162	162	162	162	162	162	162	162	162	162	162	162	162	162	162	162	
586=45	36	36	36	45	36	36	36	45	36	36	36	45	36	0	36	9	9	9	9	9	9	9	9	9	9	9	9	9	9	9	9	
587=45	36	36	36	45	36	36	36	45	36	36	36	45	36	0	36	9	9	9	9	9	9	9	9	9	9	9	9	9	9	9	9	
588=36	45	36	36	36	45	36	36	36	45	36	36	36	45	0	36	9	9	9	9	9	9	9	9	9	9	9	9	9	9	9	9	
589=36	45	36	36	36	45	36	36	36	45	36	36	36	45	0	36	9	9	9	9	9	9	9	9	9	9	9	9	9	9	9	9	
590=36	36	45	36	36	36	45	36	36	36	45	36	36	36	0	36	9	9	9	9	9	9	9	9	9	9	9	9	9	9	9	9	
591=36	36	45	36	36	36	45	36	36	36	45	36	36	36	0	36	9	9	9	9	9	9	9	9	9	9	9	9	9	9	9	9	
592=36	36	36	45	36	36	36	45	36	36	36	45	36	36	0	45	9	9	9	9	9	9	9	9	9	9	9	9	9	9	9	9	
593=36	36	36	45	36	36	36	45	36	36	36	45	36	36	0	45	9	9	9	9	9	9	9	9	9	9	9	9	9	9	9	9	
594=9	9	9	9	9	9	9	9	9	9	9	9	9	9	0	9	45	36	36	36	45	36	36	36	45	36	36	36	45	36	36	36	
595=9	9	9	9	9	9	9	9	9	9	9	9	9	9	0	9	45	36	36	36	45	36	36	36	45	36	36	36	45	36	36	36	
596=9	9	9	9	9	9	9	9	9	9	9	9	9	9	0	9	36	45	36	36	36	45	36	36	36	45	36	36	36	45	36	36	
597=9	9	9	9	9	9	9	9	9	9	9	9	9	9	0	9	36	45	36	36	36	45	36	36	36	45	36	36	36	45	36	36	
598=9	9	9	9	9	9	9	9	9	9	9	9	9	9	0	9	36	36	45	36	36	36	45	36	36	36	45	36	36	36	45	36	
599=9	9	9	9	9	9	9	9	9	9	9	9	9	9	0	9	36	36	45	36	36	36	45	36	36	36	45	36	36	36	45	36	
600=9	9	9	9	9	9	9	9	9	9	9	9	9	9	0	9	36	36	36	45	36	36	36	45	36	36	36	45	36	36	36	45	
601=9	9	9	9	9	9	9	9	9	9	9	9	9	9	0	9	36	36	36	45	36	36	36	45	36	36	36	45	36	36	36	45	
602=162	162	162	162	162	162	162	162	162	162	162	162	162	162	0	162	729	648	729	648	729	648	729	648	729	648	729	648	729	648	729	648	
607=162	162	162	162	162	162	162	162	162	162	162	162	162	162	0	162	729	648	648	729	729	648	648	729	729	648	648	729	729	648	648	729	
612=162	162	162	162	162	162	162	162	162	162	162	162	162	162	0	162	648	729	729	648	648	729	729	648	648	729	729	648	648	729	729	648	
617=162	162	162	162	162	162	162	162	162	162	162	162	162	162	0	162	648	729	648	729	648	729	648	729	648	729	648	729	648	729	648	729	
622=729	648	729	648	729	648	729	648	729	648	729	648	729	648	0	648	162	162	162	162	162	162	162	162	162	162	162	162	162	162	162	162	
627=729	648	648	729	729	648	648	729	729	648	648	729	729	648	0	729	162	162	162	162	162	162	162	162	162	162	162	162	162	162	162	162	
632=648	729	729	648	648	729	729	648	648	729	729	648	648	729	0	648	162	162	162	162	162	162	162	162	162	162	162	162	162	162	162	162	
637=648	729	648	729	648	729	648	729	648	729	648	729	648	729	0	729	162	162	162	162	162	162	162	162	162	162	162	162	162	162	162	162	
642=45	36	36	36	45	36	36	36	45	36	36	36	45	36	0	36	9	9	9	9	9	9	9	9	9	9	9	9	9	9	9	9	
645=36	45	36	36	36	45	36	36	36	45	36	36	36	45	0	36	9	9	9	9	9	9	9	9	9	9	9	9	9	9	9	9	
648=36	36	45	36	36	36	45	36	36	36	45	36	36	36	0	36	9	9	9	9	9	9	9	9	9	9	9	9	9	9	9	9	
651=36	36	36	45	36	36	36	45	36	36	36	45	36	36	0	45	9	9	9	9	9	9	9	9	9	9	9	9	9	9	9	9	
654=9	9	9	9	9	9	9	9	9	9	9	9	9	9	0	9	45	36	36	36	45	36	36	36	45	36	36	36	45	36	36	36	
657=9	9	9	9	9	9	9	9	9	9	9	9	9	9	0	9	36	45	36	36	36	45	36	36	36	45	36	36	36	45	36	36	
660=9	9	9	9	9	9	9	9	9	9	9	9	9	9	0	9	36	36	45	36	36	36	45	36	36	36	45	36	36	36	45	36	
663=9	9	9	9	9	9	9	9	9	9	9	9	9	9	0	9	36	36	36	45	36	36	36	45	36	36	36	45	36	36	36	45	
666=54	54	54	54	54	54	54	54	54	54	54	54	54	54	0	54	270	216	216	216	270	216	216	216	270	216	216	216	270	216	216	216	
669=54	54	54	54	54	54	54	54	54	54	54	54	54	54	0	54	216	270	216	216	216	270	216	216	216	270	216	216	216	270	216	216	
672=54	54	54	54	54	54	54	54	54	54	54	54	54	54	0	54	216	216	270	216	216	216	270	216	216	216	270	216	216	216	270	216	
675=54	54	54	54	54	54	54	54	54	54	54	54	54	54	0	54	216	216	216	270	216	216	216	270	216	216	216	270	216	216	216	270	
678=270	216	216	216	270	216	216	216	270	216	216	216	270	216	0	216	54	54	54	54	54	54	54	54	54	54	54	54	54	54	54	54	
681=216	270	216	216	216	270	216	216	216	270	216	216	216	270	0	216	54	54	54	54	54	54	54	54	54	54	54	54	54	54	54	54	
684=216	216	270	216	216	216	270	216	216	216	270	216	216	216	0	216	54	54	54	54	54	54	54	54	54	54	54	54	54	54	54	54	
687=216	216	216	270	216	216	216	270	216	216	216	270	216	216	0	270	54	54	54	54	54	54	54	54	54	54	54	54	54	54	54	54	
690=27	27	27	27	27	27	27	27	27	27	27	27	27	27	0	27	135	108	108	108	135	108	108	108	135	108	108	108	135	108	108	108	
691=27	27	27	27	27	27	27	27	27	27	27	27	27	27	0	27	135	108	108	108	135	108	108	108	135	108	108	108	135	108	108	108	
692=27	27	27	27	27	27	27	27	27	27	27	27	27	27	0	27	108	135	108	108	108	135	108	108	108	135	108	108	108	135	108	108	
693=27	27	27	27	27	27	27	27	27	27	27	27	27	27	0	27	108	135	108	108	108	135	108	108	108	135	108	108	108	135	108	108	
694=27	27	27	27	27	27	27	27	27	27	27	27	27	27	0	27	108	108	135	108	108	108	135	108	108	108	135	108	108	108	135	108	
695=27	27	27	27	27	27	27	27	27	27	27	27	27	27	0	27	108	108	135	108	108	108	135	108	108	108	135	108	108	108	135	108	
696=27	27	27	27	27	27	27	27	27	27	27	27	27	27	0	27	108	108	108	135	108	108	108	135	108	108	108	135	108	108	108	135	
697=27	27	27	27	27	27	27	27	27	27	27	27	27	27	0	27	108	108	108	135	108	108	108	135	108	108	108	135	108	108	108	135	
698=135	108	108	108	135	108	108	108	135	108	108	108	135	108	0	108	27	27	27	27	27	27	27	27	27	27	27	27	27	27	27	27	
699=135	108	108	108	135	108	108	108	135	108	108	108	135	108	0	108	27	27	27	27	27	27	27	27	27	27	27	27	27	27	27	27	
700=108	135	108	108	108	135	108	108	108	135	108	108	108	135	0	108	27	27	27	27	27	27	27	27	27	27	27	27	27	27	27	27	
701=108	135	108	108	108	135	108	108	108	135	108	108	108	135	0	108	27	27	27	27	27	27	27	27	27	27	27	27	27	27	27	27	
702=108	108	135	108	108	108	135	108	108	108	135	108	108	108	0	108	27	27	27	27	27	27	27	27	27	27	27	27	27	27	27	27	
703=108	108	135	108	108	108	135	108	108	108	135	108	108	108	0	108	27	27	27	27	27	27	27	27	27	27	27	27	27	27	27	27	
704=108	108	108	135	108	108	108	135	108	108	108	135	108	108	0	135	27	27	27	27	27	27	27	27	27	27	27	27	27	27	27	27	
705=108	108	108	135	108	108	108	135	108	108	108	135	108	108	0	135	27	27	27	27	27	27	27	27	27	27	27	27	27	27	27	27	
706=27	27	27	27	27	27	27	27	27	27	27	27	27	27	0	27	135	108	108	108	135	108	108	108	135	108	108	108	135	108	108	108	
709=27	27	27	27	27	27	27	27	27	27	27	27	27	27	0	27	108	135	108	108	108	135	108	108	108	135	108	108	108	135	108	108	
712=27	27	27	27	27	27	27	27	27	27	27	27	27	27	0	27	108	108	135	108	108	108	135	108	108	108	135	108	108	108	135	108	
715=27	27	27	27	27	27	27	27	27	27	27	27	27	27	0	27	108	108	108	135	108	108	108	135	108	108	108	135	108	108	108	135	
718=135	108	108	108	135	108	108	108	135	108	108	108	135	108	0	108	27	27	27	27	27	27	27	27	27	27	27	27	27	27	27	27	
721=108	135	108	108	108	135	108	108	108	135	108	108	108	135	0	108	27	27	27	27	27	27	27	27	27	27	27	27	27	27	27	27	
724=108	108	135	108	108	108	135	108	108	108	135	108	108	108	0	108	27	27	27	27	27	27	27	27	27	27	27	27	27	27	27	27	
727=108	108	108	135	108	108	108	135	108	108	108	135	108	108	0	135	27	27	27	27	27	27	27	27	27	27	27	27	27	27	27	27	
730=90	72	72	72	90	72	72	72	90	72	72	72	90	72	0	72	18	18	18	18	18	18	18	18	18	18	18	18	18	18	18	18	
733=72	90	72	72	72	90	72	72	72	90	72	72	72	90	0	72	18	18	18	18	18	18	18	18	18	18	18	18	18	18	18	18	
736=72	72	90	72	72	72	90	72	72	72	90	72	72	72	0	72	18	18	18	18	18	18	18	18	18	18	18	18	18	18	18	18	
739=72	72	72	90	72	72	72	90	72	72	72	90	72	72	0	90	18	18	18	18	18	18	18	18	18	18	18	18	18	18	18	18	
742=18	18	18	18	18	18	18	18	18	18	18	18	18	18	0	18	90	72	72	72	90	72	72	72	90	72	72	72	90	72	72	72	
745=18	18	18	18	18	18	18	18	18	18	18	18	18	18	0	18	72	90	72	72	72	90	72	72	72	90	72	72	72	90	72	72	
748=18	18	18	18	18	18	18	18	18	18	18	18	18	18	0	18	72	72	90	72	72	72	90	72	72	72	90	72	72	72	90	72	
751=18	18	18	18	18	18	18	18	18	18	18	18	18	18	0	18	72	72	72	90	72	72	72	90	72	72	72	90	72	72	72	90	
754=45	36	36	36	45	36	36	36	45	36	36	36	45	36	0	36	9	9	9	9	9	9	9	9	9	9	9	9	9	9	9	9	
755=45	36	36	36	45	36	36	36	45	36	36	36	45	36	0	36	9	9	9	9	9	9	9	9	9	9	9	9	9	9	9	9	
756=36	45	36	36	36	45	36	36	36	45	36	36	36	45	0	36	9	9	9	9	9	9	9	9	9	9	9	9	9	9	9	9	
757=36	45	36	36	36	45	36	36	36	45	36	36	36	45	0	36	9	9	9	9	9	9	9	9	9	9	9	9	9	9	9	9	
758=36	36	45	36	36	36	45	36	36	36	45	36	36	36	0	36	9	9	9	9	9	9	9	9	9	9	9	9	9	9	9	9	
759=36	36	45	36	36	36	45	36	36	36	45	36	36	36	0	36	9	9	9	9	9	9	9	9	9	9	9	9	9	9	9	9	
760=36	36	36	45	36	36	36	45	36	36	36	45	36	36	0	45	9	9	9	9	9	9	9	9	9	9	9	9	9	9	9	9	
761=36	36	36	45	36	36	36	45	36	36	36	45	36	36	0	45	9	9	9	9	9	9	9	9	9	9	9	9	9	9	9	9	
762=9	9	9	9	9	9	9	9	9	9	9	9	9	9	0	9	45	36	36	36	45	36	36	36	45	36	36	36	45	36	36	36	
763=9	9	9	9	9	9	9	9	9	9	9	9	9	9	0	9	45	36	36	36	45	36	36	36	45	36	36	36	45	36	36	36	
764=9	9	9	9	9	9	9	9	9	9	9	9	9	9	0	9	36	45	36	36	36	45	36	36	36	45	36	36	36	45	36	36	
765=9	9	9	9	9	9	9	9	9	9	9	9	9	9	0	9	36	45	36	36	36	45	36	36	36	45	36	36	36	45	36	36	
766=9	9	9	9	9	9	9	9	9	9	9	9	9	9	0	9	36	36	45	36	36	36	45	36	36	36	45	36	36	36	45	36	
767=9	9	9	9	9	9	9	9	9	9	9	9	9	9	0	9	36	36	45	36	36	36	45	36	36	36	45	36	36	36	45	36	
768=9	9	9	9	9	9	9	9	9	9	9	9	9	9	0	9	36	36	36	45	36	36	36	45	36	36	36	45	36	36	36	45	
769=9	9	9	9	9	9	9	9	9	9	9	9	9	9	0	9	36	36	36	45	36	36	36	45	36	36	36	45	36	36	36	45	
770=45	36	36	36	45	36	36	36	45	36	36	36	45	36	0	36	9	9	9	9	9	9	9	9	9	9	9	9	9	9	9	9	
773=36	45	36	36	36	45	36	36	36	45	36	36	36	45	0	36	9	9	9	9	9	9	9	9	9	9	9	9	9	9	9	9	
776=36	36	45	36	36	36	45	36	36	36	45	36	36	36	0	36	9	9	9	9	9	9	9	9	9	9	9	9	9	9	9	9	
779=36	36	36	45	36	36	36	45	36	36	36	45	36	36	0	45	9	9	9	9	9	9	9	9	9	9	9	9	9	9	9	9	
782=9	9	9	9	9	9	9	9	9	9	9	9	9	9	0	9	45	36	36	36	45	36	36	36	45	36	36	36	45	36	36	36	
785=9	9	9	9	9	9	9	9	9	9	9	9	9	9	0	9	36	45	36	36	36	45	36	36	36	45	36	36	36	45	36	36	
788=9	9	9	9	9	9	9	9	9	9	9	9	9	9	0	9	36	36	45	36	36	36	45	36	36	36	45	36	36	36	45	36	
791=9	9	9	9	9	9	9	9	9	9	9	9	9	9	0	9	36	36	36	45	36	36	36	45	36	36	36	45	36	36	36	45	
794=30	24	24	24	30	24	24	24	30	24	24	24	30	24	0	24	6	6	6	6	6	6	6	6	6	6	6	6	6	6	6	6	
797=24	30	24	24	24	30	24	24	24	30	24	24	24	30	0	24	6	6	6	6	6	6	6	6	6	6	6	6	6	6	6	6	
800=24	24	30	24	24	24	30	24	24	24	30	24	24	24	0	24	6	6	6	6	6	6	6	6	6	6	6	6	6	6	6	6	
803=24	24	24	30	24	24	24	30	24	24	24	30	24	24	0	30	6	6	6	6	6	6	6	6	6	6	6	6	6	6	6	6	
806=6	6	6	6	6	6	6	6	6	6	6	6	6	6	0	6	30	24	24	24	30	24	24	24	30	24	24	24	30	24	24	24	
809=6	6	6	6	6	6	6	6	6	6	6	6	6	6	0	6	24	30	24	24	24	30	24	24	24	30	24	24	24	30	24	24	
812=6	6	6	6	6	6	6	6	6	6	6	6	6	6	0	6	24	24	30	24	24	24	30	24	24	24	30	24	24	24	30	24	
815=6	6	6	6	6	6	6	6	6	6	6	6	6	6	0	6	24	24	24	30	24	24	24	30	24	24	24	30	24	24	24	30	
818=15	12	12	12	15	12	12	12	15	12	12	12	15	12	0	12	3	3	3	3	3	3	3	3	3	3	3	3	3	3	3	3	
819=15	12	12	12	15	12	12	12	15	12	12	12	15	12	0	12	3	3	3	3	3	3	3	3	3	3	3	3	3	3	3	3	
820=12	15	12	12	12	15	12	12	12	15	12	12	12	15	0	12	3	3	3	3	3	3	3	3	3	3	3	3	3	3	3	3	
821=12	15	12	12	12	15	12	12	12	15	12	12	12	15	0	12	3	3	3	3	3	3	3	3	3	3	3	3	3	3	3	3	
822=12	12	15	12	12	12	15	12	12	12	15	12	12	12	0	12	3	3	3	3	3	3	3	3	3	3	3	3	3	3	3	3	
823=12	12	15	12	12	12	15	12	12	12	15	12	12	12	0	12	3	3	3	3	3	3	3	3	3	3	3	3	3	3	3	3	
824=12	12	12	15	12	12	12	15	12	12	12	15	12	12	0	15	3	3	3	3	3	3	3	3	3	3	3	3	3	3	3	3	
825=12	12	12	15	12	12	12	15	12	12	12	15	12	12	0	15	3	3	3	3	3	3	3	3	3	3	3	3	3	3	3	3	
826=3	3	3	3	3	3	3	3	3	3	3	3	3	3	0	3	15	12	12	12	15	12	12	12	15	12	12	12	15	12	12	12	
827=3	3	3	3	3	3	3	3	3	3	3	3	3	3	0	3	15	12	12	12	15	12	12	12	15	12	12	12	15	12	12	12	
828=3	3	3	3	3	3	3	3	3	3	3	3	3	3	0	3	12	15	12	12	12	15	12	12	12	15	12	12	12	15	12	12	
829=3	3	3	3	3	3	3	3	3	3	3	3	3	3	0	3	12	15	12	12	12	15	12	12	12	15	12	12	12	15	12	12	
830=3	3	3	3	3	3	3	3	3	3	3	3	3	3	0	3	12	12	15	12	12	12	15	12	12	12	15	12	12	12	15	12	
831=3	3	3	3	3	3	3	3	3	3	3	3	3	3	0	3	12	12	15	12	12	12	15	12	12	12	15	12	12	12	15	12	
832=3	3	3	3	3	3	3	3	3	3	3	3	3	3	0	3	12	12	12	15	12	12	12	15	12	12	12	15	12	12	12	15	
833=3	3	3	3	3	3	3	3	3	3	3	3	3	3	0	3	12	12	12	15	12	12	12	15	12	12	12	15	12	12	12	15	
834=15	12	12	12	15	12	12	12	15	12	12	12	15	12	0	12	3	3	3	3	3	3	3	3	3	3	3	3	3	3	3	3	
847=12	15	12	12	12	15	12	12	12	15	12	12	12	15	0	12	3	3	3	3	3	3	3	3	3	3	3	3	3	3	3	3	
860=12	12	15	12	12	12	15	12	12	12	15	12	12	12	0	12	3	3	3	3	3	3	3	3	3	3	3	3	3	3	3	3	
873=12	12	12	15	12	12	12	15	12	12	12	15	12	12	0	15	3	3	3	3	3	3	3	3	3	3	3	3	3	3	3	3	
886=3	3	3	3	3	3	3	3	3	3	3	3	3	3	0	3	12	15	12	12	12	15	12	12	12	15	12	12	12	15	12	12	
899=3	3	3	3	3	3	3	3	3	3	3	3	3	3	0	3	12	12	12	15	12	12	12	15	12	12	12	15	12	12	12	15	
912=3	3	3	3	3	3	3	3	3	3	3	3	3	3	0	3	12	12	15	12	12	12	15	12	12	12	15	12	12	12	15	12	
925=3	3	3	3	3	3	3	3	3	3	3	3	3	3	0	3	15	12	12	12	15	12	12	12	15	12	12	12	15	12	12	12	
938=3	3	3	3	3	3	3	3	3	3	3	3	3	3	0	3	0	0	0	0	0	0	0	0	0	0	0	0	0	0	0	0	
939=3	3	3	3	3	3	3	3	3	3	3	3	3	3	0	3	0	0	0	0	0	0	0	0	0	0	0	0	0	0	0	0	
940=3	3	3	3	3	3	3	3	3	3	3	3	3	3	0	3	0	0	0	0	0	0	0	0	0	0	0	0	0	0	0	0	
941=3	3	3	3	3	3	3	3	3	3	3	3	3	3	0	3	0	0	0	0	0	0	0	0	0	0	0	0	0	0	0	0	
942=3	3	3	3	3	3	3	3	3	3	3	3	3	3	0	3	0	0	0	0	0	0	0	0	0	0	0	0	0	0	0	0	
943=3	3	3	3	3	3	3	3	3	3	3	3	3	3	0	3	0	0	0	0	0	0	0	0	0	0	0	0	0	0	0	0	
944=3	3	3	3	3	3	3	3	3	3	3	3	3	3	0	3	0	0	0	0	0	0	0	0	0	0	0	0	0	0	0	0	
945=3	3	3	3	3	3	3	3	3	3	3	3	3	3	0	3	0	0	0	0	0	0	0	0	0	0	0	0	0	0	0	0	
946=3	3	3	3	3	3	3	3	3	3	3	3	3	3	0	3	0	0	0	0	0	0	0	0	0	0	0	0	0	0	0	0	
947=3	3	3	3	3	3	3	3	3	3	3	3	3	3	0	3	0	0	0	0	0	0	0	0	0	0	0	0	0	0	0	0	
948=3	3	3	3	3	3	3	3	3	3	3	3	3	3	0	3	0	0	0	0	0	0	0	0	0	0	0	0	0	0	0	0	
949=3	3	3	3	3	3	3	3	3	3	3	3	3	3	0	3	0	0	0	0	0	0	0	0	0	0	0	0	0	0	0	0	
950=3	3	3	3	0	0	0	0	0	0	0	0	0	0	0	0	0	0	0	0	0	0	0	0	0	0	0	0	0	0	0	0	
951=3	3	3	3	0	0	0	0	0	0	0	0	0	0	0	0	0	0	0	0	0	0	0	0	0	0	0	0	0	0	0	0	
952=0	0	0	0	3	3	3	3	0	0	0	0	0	0	0	0	0	0	0	0	0	0	0	0	0	0	0	0	0	0	0	0	
953=0	0	0	0	3	3	3	3	0	0	0	0	0	0	0	0	0	0	0	0	0	0	0	0	0	0	0	0	0	0	0	0	
954=0	0	0	0	0	0	0	0	3	3	3	3	0	0	0	0	0	0	0	0	0	0	0	0	0	0	0	0	0	0	0	0	
955=0	0	0	0	0	0	0	0	3	3	3	3	0	0	0	0	0	0	0	0	0	0	0	0	0	0	0	0	0	0	0	0	
956=0	0	0	0	0	0	0	0	0	0	0	0	3	3	0	3	0	0	0	0	0	0	0	0	0	0	0	0	0	0	0	0	
957=0	0	0	0	0	0	0	0	0	0	0	0	3	3	0	3	0	0	0	0	0	0	0	0	0	0	0	0	0	0	0	0	
958=0	0	0	0	0	0	0	0	0	0	0	0	0	0	0	0	3	3	3	3	3	3	3	3	3	3	3	3	3	3	3	3	
959=0	0	0	0	0	0	0	0	0	0	0	0	0	0	0	0	3	3	3	3	3	3	3	3	3	3	3	3	3	3	3	3	
960=0	0	0	0	0	0	0	0	0	0	0	0	0	0	0	0	3	3	3	3	3	3	3	3	3	3	3	3	3	3	3	3	
961=0	0	0	0	0	0	0	0	0	0	0	0	0	0	0	0	3	3	3	3	3	3	3	3	3	3	3	3	3	3	3	3	
962=0	0	0	0	0	0	0	0	0	0	0	0	0	0	0	0	3	3	3	3	3	3	3	3	3	3	3	3	3	3	3	3	
963=0	0	0	0	0	0	0	0	0	0	0	0	0	0	0	0	3	3	3	3	3	3	3	3	3	3	3	3	3	3	3	3	
964=0	0	0	0	0	0	0	0	0	0	0	0	0	0	0	0	3	3	3	3	3	3	3	3	3	3	3	3	3	3	3	3	
965=0	0	0	0	0	0	0	0	0	0	0	0	0	0	0	0	3	3	3	3	3	3	3	3	3	3	3	3	3	3	3	3	
966=0	0	0	0	0	0	0	0	0	0	0	0	0	0	0	0	3	3	3	3	3	3	3	3	3	3	3	3	3	3	3	3	
967=0	0	0	0	0	0	0	0	0	0	0	0	0	0	0	0	3	3	3	3	3	3	3	3	3	3	3	3	3	3	3	3	
968=0	0	0	0	0	0	0	0	0	0	0	0	0	0	0	0	3	3	3	3	3	3	3	3	3	3	3	3	3	3	3	3	
969=0	0	0	0	0	0	0	0	0	0	0	0	0	0	0	0	3	3	3	3	3	3	3	3	3	3	3	3	3	3	3	3	
970=0	0	0	0	0	0	0	0	0	0	0	0	0	0	0	0	3	3	3	3	0	0	0	0	0	0	0	0	0	0	0	0	
971=0	0	0	0	0	0	0	0	0	0	0	0	0	0	0	0	3	3	3	3	0	0	0	0	0	0	0	0	0	0	0	0	
972=0	0	0	0	0	0	0	0	0	0	0	0	0	0	0	0	0	0	0	0	3	3	3	3	0	0	0	0	0	0	0	0	
973=0	0	0	0	0	0	0	0	0	0	0	0	0	0	0	0	0	0	0	0	3	3	3	3	0	0	0	0	0	0	0	0	
974=0	0	0	0	0	0	0	0	0	0	0	0	0	0	0	0	0	0	0	0	0	0	0	0	3	3	3	3	0	0	0	0	
975=0	0	0	0	0	0	0	0	0	0	0	0	0	0	0	0	0	0	0	0	0	0	0	0	3	3	3	3	0	0	0	0	
976=0	0	0	0	0	0	0	0	0	0	0	0	0	0	0	0	0	0	0	0	0	0	0	0	0	0	0	0	3	3	3	3	
977=0	0	0	0	0	0	0	0	0	0	0	0	0	0	0	0	0	0	0	0	0	0	0	0	0	0	0	0	3	3	3	3	
978=3	3	3	3	3	3	3	3	3	3	3	3	3	3	0	3	0	0	0	0	0	0	0	0	0	0	0	0	0	0	0	0	
979=3	3	3	3	3	3	3	3	3	3	3	3	3	3	0	3	0	0	0	0	0	0	0	0	0	0	0	0	0	0	0	0	
980=3	3	3	3	3	3	3	3	3	3	3	3	3	3	0	3	0	0	0	0	0	0	0	0	0	0	0	0	0	0	0	0	
981=3	3	3	3	3	3	3	3	3	3	3	3	3	3	0	3	0	0	0	0	0	0	0	0	0	0	0	0	0	0	0	0	
982=0	0	0	0	0	0	0	0	0	0	0	0	0	0	0	0	3	3	3	3	3	3	3	3	3	3	3	3	3	3	3	3	
983=0	0	0	0	0	0	0	0	0	0	0	0	0	0	0	0	3	3	3	3	3	3	3	3	3	3	3	3	3	3	3	3	
984=0	0	0	0	0	0	0	0	0	0	0	0	0	0	0	0	3	3	3	3	3	3	3	3	3	3	3	3	3	3	3	3	
985=0	0	0	0	0	0	0	0	0	0	0	0	0	0	0	0	3	3	3	3	3	3	3	3	3	3	3	3	3	3	3	3	
986=3	3	3	3	3	3	3	3	3	3	3	3	3	3	0	3	0	0	0	0	0	0	0	0	0	0	0	0	0	0	0	0	
991=0	0	0	0	0	0	0	0	0	0	0	0	0	0	0	0	3	3	3	3	3	3	3	3	3	3	3	3	3	3	3	3	
996=3	3	3	3	0	0	0	0	0	0	0	0	0	0	0	0	0	0	0	0	0	0	0	0	0	0	0	0	0	0	0	0	
1001=0	0	0	0	3	3	3	3	0	0	0	0	0	0	0	0	0	0	0	0	0	0	0	0	0	0	0	0	0	0	0	0	
1006=0	0	0	0	0	0	0	0	3	3	3	3	0	0	0	0	0	0	0	0	0	0	0	0	0	0	0	0	0	0	0	0	
1011=0	0	0	0	0	0	0	0	0	0	0	0	3	3	0	3	0	0	0	0	0	0	0	0	0	0	0	0	0	0	0	0	
1016=0	0	0	0	0	0	0	0	0	0	0	0	0	0	0	0	3	3	3	3	0	0	0	0	0	0	0	0	0	0	0	0	
1021=0	0	0	0	0	0	0	0	0	0	0	0	0	0	0	0	0	0	0	0	3	3	3	3	0	0	0	0	0	0	0	0	
1026=0	0	0	0	0	0	0	0	0	0	0	0	0	0	0	0	0	0	0	0	0	0	0	0	3	3	3	3	0	0	0	0	
1031=0	0	0	0	0	0	0	0	0	0	0	0	0	0	0	0	0	0	0	0	0	0	0	0	0	0	0	0	3	3	3	3	
1036=3	0	0	0	0	0	0	0	0	0	0	0	0	0	0	0	0	0	0	0	0	0	0	0	0	0	0	0	0	0	0	0	
1039=0	3	0	0	0	0	0	0	0	0	0	0	0	0	0	0	0	0	0	0	0	0	0	0	0	0	0	0	0	0	0	0	
1042=0	0	3	0	0	0	0	0	0	0	0	0	0	0	0	0	0	0	0	0	0	0	0	0	0	0	0	0	0	0	0	0	
1045=0	0	0	3	0	0	0	0	0	0	0	0	0	0	0	0	0	0	0	0	0	0	0	0	0	0	0	0	0	0	0	0	
1048=0	0	0	0	3	0	0	0	0	0	0	0	0	0	0	0	0	0	0	0	0	0	0	0	0	0	0	0	0	0	0	0	
1051=0	0	0	0	0	3	0	0	0	0	0	0	0	0	0	0	0	0	0	0	0	0	0	0	0	0	0	0	0	0	0	0	
1054=0	0	0	0	0	0	3	0	0	0	0	0	0	0	0	0	0	0	0	0	0	0	0	0	0	0	0	0	0	0	0	0	
1057=0	0	0	0	0	0	0	3	0	0	0	0	0	0	0	0	0	0	0	0	0	0	0	0	0	0	0	0	0	0	0	0	
1060=0	0	0	0	0	0	0	0	3	0	0	0	0	0	0	0	0	0	0	0	0	0	0	0	0	0	0	0	0	0	0	0	
1063=0	0	0	0	0	0	0	0	0	3	0	0	0	0	0	0	0	0	0	0	0	0	0	0	0	0	0	0	0	0	0	0	
1066=0	0	0	0	0	0	0	0	0	0	3	0	0	0	0	0	0	0	0	0	0	0	0	0	0	0	0	0	0	0	0	0	
1069=0	0	0	0	0	0	0	0	0	0	0	3	0	0	0	0	0	0	0	0	0	0	0	0	0	0	0	0	0	0	0	0	
1072=0	0	0	0	0	0	0	0	0	0	0	0	3	0	0	0	0	0	0	0	0	0	0	0	0	0	0	0	0	0	0	0	
1075=0	0	0	0	0	0	0	0	0	0	0	0	0	3	0	0	0	0	0	0	0	0	0	0	0	0	0	0	0	0	0	0	
1078=0	0	0	0	0	0	0	0	0	0	0	0	0	0	0	0	0	0	0	0	0	0	0	0	0	0	0	0	0	0	0	0	
1081=0	0	0	0	0	0	0	0	0	0	0	0	0	0	0	3	0	0	0	0	0	0	0	0	0	0	0	0	0	0	0	0	
1084=0	0	0	0	0	0	0	0	0	0	0	0	0	0	0	0	3	0	0	0	0	0	0	0	0	0	0	0	0	0	0	0	
1087=0	0	0	0	0	0	0	0	0	0	0	0	0	0	0	0	0	3	0	0	0	0	0	0	0	0	0	0	0	0	0	0	
1090=0	0	0	0	0	0	0	0	0	0	0	0	0	0	0	0	0	0	3	0	0	0	0	0	0	0	0	0	0	0	0	0	
1093=0	0	0	0	0	0	0	0	0	0	0	0	0	0	0	0	0	0	0	3	0	0	0	0	0	0	0	0	0	0	0	0	
1096=0	0	0	0	0	0	0	0	0	0	0	0	0	0	0	0	0	0	0	0	3	0	0	0	0	0	0	0	0	0	0	0	
1099=0	0	0	0	0	0	0	0	0	0	0	0	0	0	0	0	0	0	0	0	0	3	0	0	0	0	0	0	0	0	0	0	
1102=0	0	0	0	0	0	0	0	0	0	0	0	0	0	0	0	0	0	0	0	0	0	3	0	0	0	0	0	0	0	0	0	
1105=0	0	0	0	0	0	0	0	0	0	0	0	0	0	0	0	0	0	0	0	0	0	0	3	0	0	0	0	0	0	0	0	
1108=0	0	0	0	0	0	0	0	0	0	0	0	0	0	0	0	0	0	0	0	0	0	0	0	3	0	0	0	0	0	0	0	
1111=0	0	0	0	0	0	0	0	0	0	0	0	0	0	0	0	0	0	0	0	0	0	0	0	0	3	0	0	0	0	0	0	
1114=0	0	0	0	0	0	0	0	0	0	0	0	0	0	0	0	0	0	0	0	0	0	0	0	0	0	3	0	0	0	0	0	
1117=0	0	0	0	0	0	0	0	0	0	0	0	0	0	0	0	0	0	0	0	0	0	0	0	0	0	0	3	0	0	0	0	
1120=0	0	0	0	0	0	0	0	0	0	0	0	0	0	0	0	0	0	0	0	0	0	0	0	0	0	0	0	3	0	0	0	
1123=0	0	0	0	0	0	0	0	0	0	0	0	0	0	0	0	0	0	0	0	0	0	0	0	0	0	0	0	0	3	0	0	
1126=0	0	0	0	0	0	0	0	0	0	0	0	0	0	0	0	0	0	0	0	0	0	0	0	0	0	0	0	0	0	3	0	
1129=0	0	0	0	0	0	0	0	0	0	0	0	0	0	0	0	0	0	0	0	0	0	0	0	0	0	0	0	0	0	0	3	
1132=2	0	0	0	0	0	0	0	0	0	0	0	0	0	0	0	0	0	0	0	0	0	0	0	0	0	0	0	0	0	0	0	
1135=0	2	0	0	0	0	0	0	0	0	0	0	0	0	0	0	0	0	0	0	0	0	0	0	0	0	0	0	0	0	0	0	
1138=0	0	2	0	0	0	0	0	0	0	0	0	0	0	0	0	0	0	0	0	0	0	0	0	0	0	0	0	0	0	0	0	
1141=0	0	0	2	0	0	0	0	0	0	0	0	0	0	0	0	0	0	0	0	0	0	0	0	0	0	0	0	0	0	0	0	
1144=0	0	0	0	2	0	0	0	0	0	0	0	0	0	0	0	0	0	0	0	0	0	0	0	0	0	0	0	0	0	0	0	
1147=0	0	0	0	0	2	0	0	0	0	0	0	0	0	0	0	0	0	0	0	0	0	0	0	0	0	0	0	0	0	0	0	
1150=0	0	0	0	0	0	2	0	0	0	0	0	0	0	0	0	0	0	0	0	0	0	0	0	0	0	0	0	0	0	0	0	
1153=0	0	0	0	0	0	0	2	0	0	0	0	0	0	0	0	0	0	0	0	0	0	0	0	0	0	0	0	0	0	0	0	
1156=0	0	0	0	0	0	0	0	2	0	0	0	0	0	0	0	0	0	0	0	0	0	0	0	0	0	0	0	0	0	0	0	
1159=0	0	0	0	0	0	0	0	0	2	0	0	0	0	0	0	0	0	0	0	0	0	0	0	0	0	0	0	0	0	0	0	
1162=0	0	0	0	0	0	0	0	0	0	2	0	0	0	0	0	0	0	0	0	0	0	0	0	0	0	0	0	0	0	0	0	
1165=0	0	0	0	0	0	0	0	0	0	0	2	0	0	0	0	0	0	0	0	0	0	0	0	0	0	0	0	0	0	0	0	
1168=0	0	0	0	0	0	0	0	0	0	0	0	2	0	0	0	0	0	0	0	0	0	0	0	0	0	0	0	0	0	0	0	
1171=0	0	0	0	0	0	0	0	0	0	0	0	0	2	0	0	0	0	0	0	0	0	0	0	0	0	0	0	0	0	0	0	
1174=0	0	0	0	0	0	0	0	0	0	0	0	0	0	0	0	0	0	0	0	0	0	0	0	0	0	0	0	0	0	0	0	
1177=0	0	0	0	0	0	0	0	0	0	0	0	0	0	0	2	0	0	0	0	0	0	0	0	0	0	0	0	0	0	0	0	
1180=0	0	0	0	0	0	0	0	0	0	0	0	0	0	0	0	2	0	0	0	0	0	0	0	0	0	0	0	0	0	0	0	
1183=0	0	0	0	0	0	0	0	0	0	0	0	0	0	0	0	0	2	0	0	0	0	0	0	0	0	0	0	0	0	0	0	
1186=0	0	0	0	0	0	0	0	0	0	0	0	0	0	0	0	0	0	2	0	0	0	0	0	0	0	0	0	0	0	0	0	
1189=0	0	0	0	0	0	0	0	0	0	0	0	0	0	0	0	0	0	0	2	0	0	0	0	0	0	0	0	0	0	0	0	
1192=0	0	0	0	0	0	0	0	0	0	0	0	0	0	0	0	0	0	0	0	2	0	0	0	0	0	0	0	0	0	0	0	
1195=0	0	0	0	0	0	0	0	0	0	0	0	0	0	0	0	0	0	0	0	0	2	0	0	0	0	0	0	0	0	0	0	
1198=0	0	0	0	0	0	0	0	0	0	0	0	0	0	0	0	0	0	0	0	0	0	2	0	0	0	0	0	0	0	0	0	
1201=0	0	0	0	0	0	0	0	0	0	0	0	0	0	0	0	0	0	0	0	0	0	0	2	0	0	0	0	0	0	0	0	
1204=0	0	0	0	0	0	0	0	0	0	0	0	0	0	0	0	0	0	0	0	0	0	0	0	2	0	0	0	0	0	0	0	
1207=0	0	0	0	0	0	0	0	0	0	0	0	0	0	0	0	0	0	0	0	0	0	0	0	0	2	0	0	0	0	0	0	
1210=0	0	0	0	0	0	0	0	0	0	0	0	0	0	0	0	0	0	0	0	0	0	0	0	0	0	2	0	0	0	0	0	
1213=0	0	0	0	0	0	0	0	0	0	0	0	0	0	0	0	0	0	0	0	0	0	0	0	0	0	0	2	0	0	0	0	
1216=0	0	0	0	0	0	0	0	0	0	0	0	0	0	0	0	0	0	0	0	0	0	0	0	0	0	0	0	2	0	0	0	
1219=0	0	0	0	0	0	0	0	0	0	0	0	0	0	0	0	0	0	0	0	0	0	0	0	0	0	0	0	0	2	0	0	
1222=0	0	0	0	0	0	0	0	0	0	0	0	0	0	0	0	0	0	0	0	0	0	0	0	0	0	0	0	0	0	2	0	
1225=0	0	0	0	0	0	0	0	0	0	0	0	0	0	0	0	0	0	0	0	0	0	0	0	0	0	0	0	0	0	0	2	
1228=1	0	0	0	0	0	0	0	0	0	0	0	0	0	0	0	0	0	0	0	0	0	0	0	0	0	0	0	0	0	0	0	
1229=1	0	0	0	0	0	0	0	0	0	0	0	0	0	0	0	0	0	0	0	0	0	0	0	0	0	0	0	0	0	0	0	
1230=0	1	0	0	0	0	0	0	0	0	0	0	0	0	0	0	0	0	0	0	0	0	0	0	0	0	0	0	0	0	0	0	
1231=0	1	0	0	0	0	0	0	0	0	0	0	0	0	0	0	0	0	0	0	0	0	0	0	0	0	0	0	0	0	0	0	
1232=0	0	1	0	0	0	0	0	0	0	0	0	0	0	0	0	0	0	0	0	0	0	0	0	0	0	0	0	0	0	0	0	
1233=0	0	1	0	0	0	0	0	0	0	0	0	0	0	0	0	0	0	0	0	0	0	0	0	0	0	0	0	0	0	0	0	
1234=0	0	0	1	0	0	0	0	0	0	0	0	0	0	0	0	0	0	0	0	0	0	0	0	0	0	0	0	0	0	0	0	
1235=0	0	0	1	0	0	0	0	0	0	0	0	0	0	0	0	0	0	0	0	0	0	0	0	0	0	0	0	0	0	0	0	
1236=0	0	0	0	1	0	0	0	0	0	0	0	0	0	0	0	0	0	0	0	0	0	0	0	0	0	0	0	0	0	0	0	
1237=0	0	0	0	1	0	0	0	0	0	0	0	0	0	0	0	0	0	0	0	0	0	0	0	0	0	0	0	0	0	0	0	
1238=0	0	0	0	0	1	0	0	0	0	0	0	0	0	0	0	0	0	0	0	0	0	0	0	0	0	0	0	0	0	0	0	
1239=0	0	0	0	0	1	0	0	0	0	0	0	0	0	0	0	0	0	0	0	0	0	0	0	0	0	0	0	0	0	0	0	
1240=0	0	0	0	0	0	1	0	0	0	0	0	0	0	0	0	0	0	0	0	0	0	0	0	0	0	0	0	0	0	0	0	
1241=0	0	0	0	0	0	1	0	0	0	0	0	0	0	0	0	0	0	0	0	0	0	0	0	0	0	0	0	0	0	0	0	
1242=0	0	0	0	0	0	0	1	0	0	0	0	0	0	0	0	0	0	0	0	0	0	0	0	0	0	0	0	0	0	0	0	
1243=0	0	0	0	0	0	0	1	0	0	0	0	0	0	0	0	0	0	0	0	0	0	0	0	0	0	0	0	0	0	0	0	
1244=0	0	0	0	0	0	0	0	1	0	0	0	0	0	0	0	0	0	0	0	0	0	0	0	0	0	0	0	0	0	0	0	
1245=0	0	0	0	0	0	0	0	1	0	0	0	0	0	0	0	0	0	0	0	0	0	0	0	0	0	0	0	0	0	0	0	
1246=0	0	0	0	0	0	0	0	0	1	0	0	0	0	0	0	0	0	0	0	0	0	0	0	0	0	0	0	0	0	0	0	
1247=0	0	0	0	0	0	0	0	0	1	0	0	0	0	0	0	0	0	0	0	0	0	0	0	0	0	0	0	0	0	0	0	
1248=0	0	0	0	0	0	0	0	0	0	1	0	0	0	0	0	0	0	0	0	0	0	0	0	0	0	0	0	0	0	0	0	
1249=0	0	0	0	0	0	0	0	0	0	1	0	0	0	0	0	0	0	0	0	0	0	0	0	0	0	0	0	0	0	0	0	
1250=0	0	0	0	0	0	0	0	0	0	0	1	0	0	0	0	0	0	0	0	0	0	0	0	0	0	0	0	0	0	0	0	
1251=0	0	0	0	0	0	0	0	0	0	0	1	0	0	0	0	0	0	0	0	0	0	0	0	0	0	0	0	0	0	0	0	
1252=0	0	0	0	0	0	0	0	0	0	0	0	1	0	0	0	0	0	0	0	0	0	0	0	0	0	0	0	0	0	0	0	
1253=0	0	0	0	0	0	0	0	0	0	0	0	1	0	0	0	0	0	0	0	0	0	0	0	0	0	0	0	0	0	0	0	
1254=0	0	0	0	0	0	0	0	0	0	0	0	0	1	0	0	0	0	0	0	0	0	0	0	0	0	0	0	0	0	0	0	
1255=0	0	0	0	0	0	0	0	0	0	0	0	0	1	0	0	0	0	0	0	0	0	0	0	0	0	0	0	0	0	0	0	
1256=0	0	0	0	0	0	0	0	0	0	0	0	0	0	0	0	0	0	0	0	0	0	0	0	0	0	0	0	0	0	0	0	
1257=0	0	0	0	0	0	0	0	0	0	0	0	0	0	0	0	0	0	0	0	0	0	0	0	0	0	0	0	0	0	0	0	
1258=0	0	0	0	0	0	0	0	0	0	0	0	0	0	0	1	0	0	0	0	0	0	0	0	0	0	0	0	0	0	0	0	
1259=0	0	0	0	0	0	0	0	0	0	0	0	0	0	0	1	0	0	0	0	0	0	0	0	0	0	0	0	0	0	0	0	
1260=0	0	0	0	0	0	0	0	0	0	0	0	0	0	0	0	1	0	0	0	0	0	0	0	0	0	0	0	0	0	0	0	
1261=0	0	0	0	0	0	0	0	0	0	0	0	0	0	0	0	1	0	0	0	0	0	0	0	0	0	0	0	0	0	0	0	
1262=0	0	0	0	0	0	0	0	0	0	0	0	0	0	0	0	0	1	0	0	0	0	0	0	0	0	0	0	0	0	0	0	
1263=0	0	0	0	0	0	0	0	0	0	0	0	0	0	0	0	0	1	0	0	0	0	0	0	0	0	0	0	0	0	0	0	
1264=0	0	0	0	0	0	0	0	0	0	0	0	0	0	0	0	0	0	1	0	0	0	0	0	0	0	0	0	0	0	0	0	
1265=0	0	0	0	0	0	0	0	0	0	0	0	0	0	0	0	0	0	1	0	0	0	0	0	0	0	0	0	0	0	0	0	
1266=0	0	0	0	0	0	0	0	0	0	0	0	0	0	0	0	0	0	0	1	0	0	0	0	0	0	0	0	0	0	0	0	
1267=0	0	0	0	0	0	0	0	0	0	0	0	0	0	0	0	0	0	0	1	0	0	0	0	0	0	0	0	0	0	0	0	
1268=0	0	0	0	0	0	0	0	0	0	0	0	0	0	0	0	0	0	0	0	1	0	0	0	0	0	0	0	0	0	0	0	
1269=0	0	0	0	0	0	0	0	0	0	0	0	0	0	0	0	0	0	0	0	1	0	0	0	0	0	0	0	0	0	0	0	
1270=0	0	0	0	0	0	0	0	0	0	0	0	0	0	0	0	0	0	0	0	0	1	0	0	0	0	0	0	0	0	0	0	
1271=0	0	0	0	0	0	0	0	0	0	0	0	0	0	0	0	0	0	0	0	0	1	0	0	0	0	0	0	0	0	0	0	
1272=0	0	0	0	0	0	0	0	0	0	0	0	0	0	0	0	0	0	0	0	0	0	1	0	0	0	0	0	0	0	0	0	
1273=0	0	0	0	0	0	0	0	0	0	0	0	0	0	0	0	0	0	0	0	0	0	1	0	0	0	0	0	0	0	0	0	
1274=0	0	0	0	0	0	0	0	0	0	0	0	0	0	0	0	0	0	0	0	0	0	0	1	0	0	0	0	0	0	0	0	
1275=0	0	0	0	0	0	0	0	0	0	0	0	0	0	0	0	0	0	0	0	0	0	0	1	0	0	0	0	0	0	0	0	
1276=0	0	0	0	0	0	0	0	0	0	0	0	0	0	0	0	0	0	0	0	0	0	0	0	1	0	0	0	0	0	0	0	
1277=0	0	0	0	0	0	0	0	0	0	0	0	0	0	0	0	0	0	0	0	0	0	0	0	1	0	0	0	0	0	0	0	
1278=0	0	0	0	0	0	0	0	0	0	0	0	0	0	0	0	0	0	0	0	0	0	0	0	0	1	0	0	0	0	0	0	
1279=0	0	0	0	0	0	0	0	0	0	0	0	0	0	0	0	0	0	0	0	0	0	0	0	0	1	0	0	0	0	0	0	
1280=0	0	0	0	0	0	0	0	0	0	0	0	0	0	0	0	0	0	0	0	0	0	0	0	0	0	1	0	0	0	0	0	
1281=0	0	0	0	0	0	0	0	0	0	0	0	0	0	0	0	0	0	0	0	0	0	0	0	0	0	1	0	0	0	0	0	
1282=0	0	0	0	0	0	0	0	0	0	0	0	0	0	0	0	0	0	0	0	0	0	0	0	0	0	0	1	0	0	0	0	
1283=0	0	0	0	0	0	0	0	0	0	0	0	0	0	0	0	0	0	0	0	0	0	0	0	0	0	0	1	0	0	0	0	
1284=0	0	0	0	0	0	0	0	0	0	0	0	0	0	0	0	0	0	0	0	0	0	0	0	0	0	0	0	1	0	0	0	
1285=0	0	0	0	0	0	0	0	0	0	0	0	0	0	0	0	0	0	0	0	0	0	0	0	0	0	0	0	1	0	0	0	
1286=0	0	0	0	0	0	0	0	0	0	0	0	0	0	0	0	0	0	0	0	0	0	0	0	0	0	0	0	0	1	0	0	
1287=0	0	0	0	0	0	0	0	0	0	0	0	0	0	0	0	0	0	0	0	0	0	0	0	0	0	0	0	0	1	0	0	
1288=0	0	0	0	0	0	0	0	0	0	0	0	0	0	0	0	0	0	0	0	0	0	0	0	0	0	0	0	0	0	1	0	
1289=0	0	0	0	0	0	0	0	0	0	0	0	0	0	0	0	0	0	0	0	0	0	0	0	0	0	0	0	0	0	1	0	
1290=0	0	0	0	0	0	0	0	0	0	0	0	0	0	0	0	0	0	0	0	0	0	0	0	0	0	0	0	0	0	0	1	
1291=0	0	0	0	0	0	0	0	0	0	0	0	0	0	0	0	0	0	0	0	0	0	0	0	0	0	0	0	0	0	0	1	
1292=1	0	0	0	0	0	0	0	0	0	0	0	0	0	0	0	0	0	0	0	0	0	0	0	0	0	0	0	0	0	0	0	
1293=0	1	0	0	0	0	0	0	0	0	0	0	0	0	0	0	0	0	0	0	0	0	0	0	0	0	0	0	0	0	0	0	
1294=0	0	1	0	0	0	0	0	0	0	0	0	0	0	0	0	0	0	0	0	0	0	0	0	0	0	0	0	0	0	0	0	
1295=0	0	0	1	0	0	0	0	0	0	0	0	0	0	0	0	0	0	0	0	0	0	0	0	0	0	0	0	0	0	0	0	
1296=0	0	0	0	1	0	0	0	0	0	0	0	0	0	0	0	0	0	0	0	0	0	0	0	0	0	0	0	0	0	0	0	
1297=0	0	0	0	0	1	0	0	0	0	0	0	0	0	0	0	0	0	0	0	0	0	0	0	0	0	0	0	0	0	0	0	
1298=0	0	0	0	0	0	1	0	0	0	0	0	0	0	0	0	0	0	0	0	0	0	0	0	0	0	0	0	0	0	0	0	
1299=0	0	0	0	0	0	0	1	0	0	0	0	0	0	0	0	0	0	0	0	0	0	0	0	0	0	0	0	0	0	0	0	
1300=0	0	0	0	0	0	0	0	1	0	0	0	0	0	0	0	0	0	0	0	0	0	0	0	0	0	0	0	0	0	0	0	
1301=0	0	0	0	0	0	0	0	0	1	0	0	0	0	0	0	0	0	0	0	0	0	0	0	0	0	0	0	0	0	0	0	
1302=0	0	0	0	0	0	0	0	0	0	1	0	0	0	0	0	0	0	0	0	0	0	0	0	0	0	0	0	0	0	0	0	
1303=0	0	0	0	0	0	0	0	0	0	0	1	0	0	0	0	0	0	0	0	0	0	0	0	0	0	0	0	0	0	0	0	
1304=0	0	0	0	0	0	0	0	0	0	0	0	1	0	0	0	0	0	0	0	0	0	0	0	0	0	0	0	0	0	0	0	
1305=0	0	0	0	0	0	0	0	0	0	0	0	0	1	0	0	0	0	0	0	0	0	0	0	0	0	0	0	0	0	0	0	
1306=0	0	0	0	0	0	0	0	0	0	0	0	0	0	0	0	0	0	0	0	0	0	0	0	0	0	0	0	0	0	0	0	
1307=0	0	0	0	0	0	0	0	0	0	0	0	0	0	0	1	0	0	0	0	0	0	0	0	0	0	0	0	0	0	0	0	
1308=0	0	0	0	0	0	0	0	0	0	0	0	0	0	0	0	1	0	0	0	0	0	0	0	0	0	0	0	0	0	0	0	
1309=0	0	0	0	0	0	0	0	0	0	0	0	0	0	0	0	0	1	0	0	0	0	0	0	0	0	0	0	0	0	0	0	
1310=0	0	0	0	0	0	0	0	0	0	0	0	0	0	0	0	0	0	1	0	0	0	0	0	0	0	0	0	0	0	0	0	
1311=0	0	0	0	0	0	0	0	0	0	0	0	0	0	0	0	0	0	0	1	0	0	0	0	0	0	0	0	0	0	0	0	
1312=0	0	0	0	0	0	0	0	0	0	0	0	0	0	0	0	0	0	0	0	1	0	0	0	0	0	0	0	0	0	0	0	
1313=0	0	0	0	0	0	0	0	0	0	0	0	0	0	0	0	0	0	0	0	0	1	0	0	0	0	0	0	0	0	0	0	
1314=0	0	0	0	0	0	0	0	0	0	0	0	0	0	0	0	0	0	0	0	0	0	1	0	0	0	0	0	0	0	0	0	
1315=0	0	0	0	0	0	0	0	0	0	0	0	0	0	0	0	0	0	0	0	0	0	0	1	0	0	0	0	0	0	0	0	
1316=0	0	0	0	0	0	0	0	0	0	0	0	0	0	0	0	0	0	0	0	0	0	0	0	1	0	0	0	0	0	0	0	
1317=0	0	0	0	0	0	0	0	0	0	0	0	0	0	0	0	0	0	0	0	0	0	0	0	0	1	0	0	0	0	0	0	
1318=0	0	0	0	0	0	0	0	0	0	0	0	0	0	0	0	0	0	0	0	0	0	0	0	0	0	1	0	0	0	0	0	
1319=0	0	0	0	0	0	0	0	0	0	0	0	0	0	0	0	0	0	0	0	0	0	0	0	0	0	0	1	0	0	0	0	
1320=0	0	0	0	0	0	0	0	0	0	0	0	0	0	0	0	0	0	0	0	0	0	0	0	0	0	0	0	1	0	0	0	
1321=0	0	0	0	0	0	0	0	0	0	0	0	0	0	0	0	0	0	0	0	0	0	0	0	0	0	0	0	0	1	0	0	
1322=0	0	0	0	0	0	0	0	0	0	0	0	0	0	0	0	0	0	0	0	0	0	0	0	0	0	0	0	0	0	1	0	
1323=0	0	0	0	0	0	0	0	0	0	0	0	0	0	0	0	0	0	0	0	0	0	0	0	0	0	0	0	0	0	0	1	
1324=0	0	0	0	0	0	0	0	0	0	0	0	0	0	0	0	0	0	0	0	0	0	0	0	0	0	0	0	0	0	0	0	
1325=0	0	0	0	0	0	0	0	0	0	0	0	0	0	0	0	0	0	0	0	0	0	0	0	0	0	0	0	0	0	0	0	
1326=0	0	0	0	0	0	0	0	0	0	0	0	0	0	0	0	0	0	0	0	0	0	0	0	0	0	0	0	0	0	0	0	
1327=0	0	0	0	0	0	0	0	0	0	0	0	0	0	0	0	0	0	0	0	0	0	0	0	0	0	0	0	0	0	0	0	
1328=0	0	0	0	0	0	0	0	0	0	0	0	0	0	0	0	0	0	0	0	0	0	0	0	0	0	0	0	0	0	0	0	
1329=0	0	0	0	0	0	0	0	0	0	0	0	0	0	0	0	0	0	0	0	0	0	0	0	0	0	0	0	0	0	0	0	
1330=0	0	0	0	0	0	0	0	0	0	0	0	0	0	0	0	0	0	0	0	0	0	0	0	0	0	0	0	0	0	0	0	
1331=0	0	0	0	0	0	0	0	0	0	0	0	0	0	0	0	0	0	0	0	0	0	0	0	0	0	0	0	0	0	0	0	
1332=0	0	0	0	0	0	0	0	0	0	0	0	0	0	0	0	0	0	0	0	0	0	0	0	0	0	0	0	0	0	0	0	
1333=0	0	0	0	0	0	0	0	0	0	0	0	0	0	0	0	0	0	0	0	0	0	0	0	0	0	0	0	0	0	0	0	
1334=0	0	0	0	0	0	0	0	0	0	0	0	0	0	0	0	0	0	0	0	0	0	0	0	0	0	0	0	0	0	0	0	
1335=0	0	0	0	0	0	0	0	0	0	0	0	0	0	0	0	0	0	0	0	0	0	0	0	0	0	0	0	0	0	0	0	
1336=0	0	0	0	0	0	0	0	0	0	0	0	0	0	0	0	0	0	0	0	0	0	0	0	0	0	0	0	0	0	0	0	
1337=0	0	0	0	0	0	0	0	0	0	0	0	0	0	0	0	0	0	0	0	0	0	0	0	0	0	0	0	0	0	0	0	
1338=0	0	0	0	0	0	0	0	0	0	0	0	0	0	0	0	0	0	0	0	0	0	0	0	0	0	0	0	0	0	0	0	
1339=0	0	0	0	0	0	0	0	0	0	0	0	0	0	0	0	0	0	0	0	0	0	0	0	0	0	0	0	0	0	0	0	
1340=0	0	0	0	0	0	0	0	0	0	0	0	0	0	0	0	0	0	0	0	0	0	0	0	0	0	0	0	0	0	0	0	
1341=0	0	0	0	0	0	0	0	0	0	0	0	0	0	0	0	0	0	0	0	0	0	0	0	0	0	0	0	0	0	0	0	
1342=0	0	0	0	0	0	0	0	0	0	0	0	0	0	0	0	0	0	0	0	0	0	0	0	0	0	0	0	0	0	0	0	
1343=0	0	0	0	0	0	0	0	0	0	0	0	0	0	0	0	0	0	0	0	0	0	0	0	0	0	0	0	0	0	0	0	
1344=0	0	0	0	0	0	0	0	0	0	0	0	0	0	0	0	0	0	0	0	0	0	0	0	0	0	0	0	0	0	0	0	
1345=0	0	0	0	0	0	0	0	0	0	0	0	0	0	0	0	0	0	0	0	0	0	0	0	0	0	0	0	0	0	0	0	
1346=0	0	0	0	0	0	0	0	0	0	0	0	0	0	0	0	0	0	0	0	0	0	0	0	0	0	0	0	0	0	0	0	
1347=0	0	0	0	0	0	0	0	0	0	0	0	0	0	0	0	0	0	0	0	0	0	0	0	0	0	0	0	0	0	0	0	
1348=0	0	0	0	0	0	0	0	0	0	0	0	0	0	0	0	0	0	0	0	0	0	0	0	0	0	0	0	0	0	0	0	
1349=0	0	0	0	0	0	0	0	0	0	0	0	0	0	0	0	0	0	0	0	0	0	0	0	0	0	0	0	0	0	0	0	
1350=0	0	0	0	0	0	0	0	0	0	0	0	0	0	0	0	0	0	0	0	0	0	0	0	0	0	0	0	0	0	0	0	
1351=0	0	0	0	0	0	0	0	0	0	0	0	0	0	0	0	0	0	0	0	0	0	0	0	0	0	0	0	0	0	0	0	
1352=0	0	0	0	0	0	0	0	0	0	0	0	0	0	0	0	0	0	0	0	0	0	0	0	0	0	0	0	0	0	0	0	
1353=0	0	0	0	0	0	0	0	0	0	0	0	0	0	0	0	0	0	0	0	0	0	0	0	0	0	0	0	0	0	0	0	
1354=0	0	0	0	0	0	0	0	0	0	0	0	0	0	0	0	0	0	0	0	0	0	0	0	0	0	0	0	0	0	0	0	
1355=0	0	0	0	0	0	0	0	0	0	0	0	0	0	0	0	0	0	0	0	0	0	0	0	0	0	0	0	0	0	0	0	
