242 225 233 
245 226 233 
248 227 233 
251 228 233 
254 229 233 
257 230 233 
260 231 233 
263 232 233 
266 1 8 
269 15 22 
272 29 36 
275 43 50 
278 57 64 
281 71 78 
284 85 92 
287 99 106 
290 113 120 
293 127 134 
296 141 148 
299 155 162 
302 169 176 
305 183 190 
308 197 204 
311 211 218 
314 1 29 
317 57 85 
320 8 36 
323 64 92 
326 15 43 
329 71 99 
332 22 50 
335 78 106 
338 113 141 
341 169 197 
344 120 148 
347 176 204 
350 127 155 
353 183 211 
356 134 162 
359 190 218 
362 1 266 
363 8 266 
364 15 269 
365 22 269 
366 29 272 
367 36 272 
368 43 275 
369 50 275 
370 57 278 
371 64 278 
372 71 281 
373 78 281 
374 85 284 
375 92 284 
376 99 287 
377 106 287 
378 113 290 
379 120 290 
380 127 293 
381 134 293 
382 141 296 
383 148 296 
384 155 299 
385 162 299 
386 169 302 
387 176 302 
388 183 305 
389 190 305 
390 197 308 
391 204 308 
392 211 311 
393 218 311 
394 1 314 
395 29 314 
396 57 317 
397 85 317 
398 8 320 
399 36 320 
400 64 323 
401 92 323 
402 15 326 
403 43 326 
404 71 329 
405 99 329 
406 22 332 
407 50 332 
408 78 335 
409 106 335 
410 113 338 
411 141 338 
412 169 341 
413 197 341 
414 120 344 
415 148 344 
416 176 347 
417 204 347 
418 127 350 
419 155 350 
420 183 353 
421 211 353 
422 134 356 
423 162 356 
424 190 359 
425 218 359 
426 362 363 
429 364 365 
432 366 367 
435 368 369 
438 370 371 
441 372 373 
444 374 375 
447 376 377 
450 378 379 
453 380 381 
456 382 383 
459 384 385 
462 386 387 
465 388 389 
468 390 391 
471 392 393 
474 394 395 
477 396 397 
480 398 399 
483 400 401 
486 402 403 
489 404 405 
492 406 407 
495 408 409 
498 410 411 
501 412 413 
504 414 415 
507 416 417 
510 418 419 
513 420 421 
516 422 423 
519 424 425 
522 426 429 
525 432 435 
528 438 441 
531 444 447 
534 450 453 
537 456 459 
540 462 465 
543 468 471 
546 474 477 
549 480 483 
552 486 489 
555 492 495 
558 498 501 
561 504 507 
564 510 513 
567 516 519 
570 426 522 
571 429 522 
572 432 525 
573 435 525 
574 438 528 
575 441 528 
576 444 531 
577 447 531 
578 450 534 
579 453 534 
580 456 537 
581 459 537 
582 462 540 
583 465 540 
584 468 543 
585 471 543 
586 474 546 
587 477 546 
588 480 549 
589 483 549 
590 486 552 
591 489 552 
592 492 555 
593 495 555 
594 498 558 
595 501 558 
596 504 561 
597 507 561 
598 510 564 
599 513 564 
600 516 567 
601 519 567 
602 570 571 
607 572 573 
612 574 575 
617 576 577 
622 578 579 
627 580 581 
632 582 583 
637 584 585 
642 586 587 
645 588 589 
648 590 591 
651 592 593 
654 594 595 
657 596 597 
660 598 599 
663 600 601 
666 602 607 
669 612 617 
672 602 612 
675 607 617 
678 622 627 
681 632 637 
684 622 632 
687 627 637 
690 602 666 
691 607 666 
692 612 669 
693 617 669 
694 602 672 
695 612 672 
696 607 675 
697 617 675 
698 622 678 
699 627 678 
700 632 681 
701 637 681 
702 622 684 
703 632 684 
704 627 687 
705 637 687 
706 690 691 
709 692 693 
712 694 695 
715 696 697 
718 698 699 
721 700 701 
724 702 703 
727 704 705 
730 242 718 
733 245 721 
736 248 724 
739 251 727 
742 254 706 
745 257 709 
748 260 712 
751 263 715 
754 242 730 
755 718 730 
756 245 733 
757 721 733 
758 248 736 
759 724 736 
760 251 739 
761 727 739 
762 254 742 
763 706 742 
764 257 745 
765 709 745 
766 260 748 
767 712 748 
768 263 751 
769 715 751 
770 754 755 
773 756 757 
776 758 759 
779 760 761 
782 762 763 
785 764 765 
788 766 767 
791 768 769 
794 642 770 
797 645 773 
800 648 776 
803 651 779 
806 654 782 
809 657 785 
812 660 788 
815 663 791 
818 642 794 
819 770 794 
820 645 797 
821 773 797 
822 648 800 
823 776 800 
824 651 803 
825 779 803 
826 654 806 
827 782 806 
828 657 809 
829 785 809 
830 660 812 
831 788 812 
832 663 815 
833 791 815 
834 818 819 
847 820 821 
860 822 823 
873 824 825 
886 828 829 
899 832 833 
912 830 831 
925 826 827 
938 834 
939 847 
940 860 
941 834 
942 847 
943 873 
944 834 
945 860 
946 873 
947 847 
948 860 
949 873 
950 886 
951 899 
952 886 
953 912 
954 925 
955 899 
956 925 
957 912 
958 925 
959 886 
960 912 
961 925 
962 886 
963 899 
964 925 
965 912 
966 899 
967 886 
968 912 
969 899 
970 847 
971 873 
972 847 
973 860 
974 834 
975 873 
976 834 
977 860 
978 938 939 940 873 
979 941 942 860 943 
980 944 847 945 946 
981 834 947 948 949 
982 958 959 960 899 
983 961 962 912 963 
984 964 886 965 966 
985 925 967 968 969 
986 978 979 980 981 
991 982 983 984 985 
996 925 950 912 951 986 
1001 925 952 953 899 986 
1006 954 886 912 955 986 
1011 956 886 957 899 986 
1016 834 970 860 971 991 
1021 834 972 973 873 991 
1026 974 847 860 975 991 
1031 976 847 977 873 991 
1036 834 996 
1039 847 996 
1042 860 996 
1045 873 996 
1048 834 1001 
1051 847 1001 
1054 860 1001 
1057 873 1001 
1060 834 1006 
1063 847 1006 
1066 860 1006 
1069 873 1006 
1072 834 1011 
1075 847 1011 
1078 860 1011 
1081 873 1011 
1084 925 1016 
1087 886 1016 
1090 912 1016 
1093 899 1016 
1096 925 1021 
1099 886 1021 
1102 912 1021 
1105 899 1021 
1108 925 1026 
1111 886 1026 
1114 912 1026 
1117 899 1026 
1120 925 1031 
1123 886 1031 
1126 912 1031 
1129 899 1031 
1132 1 1036 
1135 8 1039 
1138 15 1042 
1141 22 1045 
1144 29 1048 
1147 36 1051 
1150 43 1054 
1153 50 1057 
1156 57 1060 
1159 64 1063 
1162 71 1066 
1165 78 1069 
1168 85 1072 
1171 92 1075 
1174 99 1078 
1177 106 1081 
1180 113 1084 
1183 120 1087 
1186 127 1090 
1189 134 1093 
1192 141 1096 
1195 148 1099 
1198 155 1102 
1201 162 1105 
1204 169 1108 
1207 176 1111 
1210 183 1114 
1213 190 1117 
1216 197 1120 
1219 204 1123 
1222 211 1126 
1225 218 1129 
1228 1 1132 
1229 1036 1132 
1230 8 1135 
1231 1039 1135 
1232 15 1138 
1233 1042 1138 
1234 22 1141 
1235 1045 1141 
1236 29 1144 
1237 1048 1144 
1238 36 1147 
1239 1051 1147 
1240 43 1150 
1241 1054 1150 
1242 50 1153 
1243 1057 1153 
1244 57 1156 
1245 1060 1156 
1246 64 1159 
1247 1063 1159 
1248 71 1162 
1249 1066 1162 
1250 78 1165 
1251 1069 1165 
1252 85 1168 
1253 1072 1168 
1254 92 1171 
1255 1075 1171 
1256 99 1174 
1257 1078 1174 
1258 106 1177 
1259 1081 1177 
1260 113 1180 
1261 1084 1180 
1262 120 1183 
1263 1087 1183 
1264 127 1186 
1265 1090 1186 
1266 134 1189 
1267 1093 1189 
1268 141 1192 
1269 1096 1192 
1270 148 1195 
1271 1099 1195 
1272 155 1198 
1273 1102 1198 
1274 162 1201 
1275 1105 1201 
1276 169 1204 
1277 1108 1204 
1278 176 1207 
1279 1111 1207 
1280 183 1210 
1281 1114 1210 
1282 190 1213 
1283 1117 1213 
1284 197 1216 
1285 1120 1216 
1286 204 1219 
1287 1123 1219 
1288 211 1222 
1289 1126 1222 
1290 218 1225 
1291 1129 1225 
1292 1228 1229 
1293 1230 1231 
1294 1232 1233 
1295 1234 1235 
1296 1236 1237 
1297 1238 1239 
1298 1240 1241 
1299 1242 1243 
1300 1244 1245 
1301 1246 1247 
1302 1248 1249 
1303 1250 1251 
1304 1252 1253 
1305 1254 1255 
1306 1256 1257 
1307 1258 1259 
1308 1260 1261 
1309 1262 1263 
1310 1264 1265 
1311 1266 1267 
1312 1268 1269 
1313 1270 1271 
1314 1272 1273 
1315 1274 1275 
1316 1276 1277 
1317 1278 1279 
1318 1280 1281 
1319 1282 1283 
1320 1284 1285 
1321 1286 1287 
1322 1288 1289 
1323 1290 1291 
1324 1292 
1325 1293 
1326 1294 
1327 1295 
1328 1296 
1329 1297 
1330 1298 
1331 1299 
1332 1300 
1333 1301 
1334 1302 
1335 1303 
1336 1304 
1337 1305 
1338 1306 
1339 1307 
1340 1308 
1341 1309 
1342 1310 
1343 1311 
1344 1312 
1345 1313 
1346 1314 
1347 1315 
1348 1316 
1349 1317 
1350 1318 
1351 1319 
1352 1320 
1353 1321 
1354 1322 
1355 1323 
