GRoup no:0 1
GRoup no:1 5
GRoup no:2 9,12 
GRoup no:3 15
GRoup no:4 18
GRoup no:5 23
GRoup no:6 26
GRoup no:7 29
GRoup no:8 32
GRoup no:9 35
GRoup no:10 38,382 
GRoup no:11 41
GRoup no:12 44,115 ,141 
GRoup no:13 47
GRoup no:14 50
GRoup no:15 53,2424 ,3038 ,3470 
GRoup no:16 54,2425 ,3039 ,3474 
GRoup no:17 55,2426 ,3040 ,3478 
GRoup no:18 56,2427 ,3041 ,3482 
GRoup no:19 57,467 ,585 
GRoup no:20 58,69 ,82 ,114 ,642 ,706 ,758 ,812 ,1989 ,2064 ,2358 ,2396 ,2418 ,2419 ,2428 ,2781 ,2796 ,3020 ,3032 ,3033 ,3766 ,3769 ,3772 ,3775 ,3778 ,3858 ,3861 ,3864 ,3867 ,3870 ,3885 ,3888 ,3891 ,5114 ,5117 ,5120 ,5123 ,5138 ,5141 ,5144 ,5147 ,5150 
GRoup no:21 59,2399 ,3023 ,3424 
GRoup no:22 60,2403 ,3027 ,3440 
GRoup no:23 61,2404 ,3028 ,3444 
GRoup no:24 62,2405 ,3029 ,3448 
GRoup no:25 63,2070 ,2434 ,2749 
GRoup no:26 64,733 ,2069 ,2433 ,2745 
GRoup no:27 65,2065 ,2429 ,2729 
GRoup no:28 66
GRoup no:29 70
GRoup no:30 73,2423 ,3037 ,3466 
GRoup no:31 74,2420 ,3034 ,3454 
GRoup no:32 75,2422 ,3036 ,3462 
GRoup no:33 76,2421 ,3035 ,3458 
GRoup no:34 77,2397 ,3021 ,3416 
GRoup no:35 78,2398 ,3022 ,3420 
GRoup no:36 79,2402 ,3026 ,3436 
GRoup no:37 80,2401 ,3025 ,3432 
GRoup no:38 81,2400 ,3024 ,3428 
GRoup no:39 83,2066 ,2430 ,2733 
GRoup no:40 84,2067 ,2431 ,2737 
GRoup no:41 85,2068 ,2432 ,2741 
GRoup no:42 86,2071 ,2435 ,2753 
GRoup no:43 87,674 ,1992 ,2361 ,2662 
GRoup no:44 88,1994 ,2363 ,2670 
GRoup no:45 89,4756 ,4757 ,4758 ,4759 ,4760 ,4762 ,4764 ,4766 ,4767 ,4768 ,6164 ,6165 ,6690 ,7377 ,8545 ,8546 ,8547 ,8548 ,8551 ,8552 ,8553 ,8554 ,9029 ,9035 
GRoup no:46 94
GRoup no:47 97
GRoup no:48 100
GRoup no:49 103
GRoup no:50 106
GRoup no:51 109,748 ,2072 ,2436 ,2757 
GRoup no:52 110,749 ,2073 ,2437 ,2761 
GRoup no:53 111,1991 ,2360 ,2658 
GRoup no:54 112,1993 ,2362 ,2666 
GRoup no:55 113,1990 ,2359 ,2654 
GRoup no:56 118
GRoup no:57 121
GRoup no:58 124
GRoup no:59 127
GRoup no:60 130
GRoup no:61 133,134 ,469 ,596 
GRoup no:62 135
GRoup no:63 138
GRoup no:64 144
GRoup no:65 147
GRoup no:66 150,184 ,228 ,240 ,528 
GRoup no:67 151,1863 ,2283 ,2554 
GRoup no:68 152,210 ,218 ,230 ,578 
GRoup no:69 153,1820 ,2256 ,2508 
GRoup no:70 154,1819 ,2255 ,2502 
GRoup no:71 155,1818 ,2254 ,2496 
GRoup no:72 156,1817 ,2253 ,2488 
GRoup no:73 157,1816 ,2252 ,2482 
GRoup no:74 158,1866 ,2286 ,2573 
GRoup no:75 159,1865 ,2285 ,2567 
GRoup no:76 160,1864 ,2284 ,2561 
GRoup no:77 161,227 ,239 ,1862 ,2282 ,2326 ,2342 ,2347 ,2728 ,2778 ,2928 ,2933 ,3073 ,3535 ,3539 ,3542 ,3545 ,3548 ,3571 ,3574 ,3577 ,3580 ,3583 ,3783 ,3786 ,4943 ,4946 ,4949 ,4952 ,4955 ,4970 ,4973 ,4976 ,4979 ,4982 
GRoup no:78 162,172 ,188 ,199 ,494 
GRoup no:79 163
GRoup no:80 164,165 ,1797 ,1798 ,2245 ,2246 ,2772 ,2775 ,5045 ,5046 ,5047 ,5048 ,5064 ,5065 ,5066 ,5067 ,5571 ,5572 ,5573 ,5574 ,5584 ,5585 ,5586 ,5587 ,6239 ,6240 ,6241 ,6242 ,6243 ,6246 ,6249 ,6252 ,6741 ,6742 ,6743 ,6744 ,6803 ,6806 ,6821 ,6824 ,7325 ,7328 ,7334 ,7337 ,7340 ,7343 ,7574 ,7577 ,8519 ,8522 ,8525 ,8528 ,8531 ,8534 
GRoup no:81 166,1796 ,2244 ,2458 
GRoup no:82 167,1795 ,2243 ,2454 
GRoup no:83 168,1794 ,2242 ,2450 
GRoup no:84 169,1793 ,2241 ,2446 
GRoup no:85 170,181 ,197 ,208 ,1782 ,1857 ,1926 ,2239 ,2277 ,2321 ,2337 ,2441 ,2790 ,2793 ,2923 ,3080 ,3553 ,3557 ,3560 ,3563 ,3566 ,3789 ,3792 ,3807 ,3810 ,3813 ,3816 ,3819 ,3822 ,3825 ,3828 ,3831 ,5033 ,5036 ,5039 ,5042 ,5049 
GRoup no:86 171,1858 ,2278 ,2538 
GRoup no:87 173,1815 ,2251 ,2478 
GRoup no:88 174,1814 ,2250 ,2474 
GRoup no:89 175,1813 ,2249 ,2470 
GRoup no:90 176,1812 ,2248 ,2466 
GRoup no:91 177,1811 ,2247 ,2462 
GRoup no:92 178,1861 ,2281 ,2550 
GRoup no:93 179,1860 ,2280 ,2546 
GRoup no:94 180,1859 ,2279 ,2542 
GRoup no:95 182,183 ,185 ,186 ,575 
GRoup no:96 187,2322 ,2924 ,3299 
GRoup no:97 189,2014 ,2378 ,2704 
GRoup no:98 190,2013 ,2377 ,2700 
GRoup no:99 191,2012 ,2376 ,2696 
GRoup no:100 192,2011 ,2375 ,2692 
GRoup no:101 193,2010 ,2374 ,2688 
GRoup no:102 194,2325 ,2927 ,3311 
GRoup no:103 195,2324 ,2926 ,3307 
GRoup no:104 196,2323 ,2925 ,3303 
GRoup no:105 198,1927 ,2338 ,2604 
GRoup no:106 200,2303 ,2917 ,3263 
GRoup no:107 201,2302 ,2916 ,3259 
GRoup no:108 202,2301 ,2915 ,3255 
GRoup no:109 203,2300 ,2914 ,3251 
GRoup no:110 204,2299 ,2913 ,3247 
GRoup no:111 205,1930 ,2341 ,2615 
GRoup no:112 206,1929 ,2340 ,2611 
GRoup no:113 207,1928 ,2339 ,2607 
GRoup no:114 209,1957 
GRoup no:115 211,212 ,1962 ,1963 ,2353 ,2354 ,2766 ,2769 ,4799 ,4800 ,4801 ,4802 ,5474 ,5475 ,5476 ,5477 ,6196 ,6199 ,6223 ,6224 ,6225 ,6226 ,6227 ,6228 ,6229 ,6230 ,6729 ,6730 ,6731 ,6732 ,6733 ,6734 ,6735 ,6736 ,6797 ,6800 ,6809 ,6812 ,6815 ,6818 ,6827 ,6830 ,7560 ,7563 ,7566 ,7569 ,8457 ,8460 ,8463 ,8466 ,8471 ,8474 ,8477 ,8480 
GRoup no:116 213,1961 ,2352 ,2644 
GRoup no:117 214,1960 
GRoup no:118 215,1959 ,2350 ,2632 
GRoup no:119 216,1958 ,2349 ,2626 
GRoup no:120 217,2327 ,2929 ,3315 
GRoup no:121 219,2383 ,3009 ,3410 
GRoup no:122 220,2382 ,3008 ,3404 
GRoup no:123 221,2381 ,3007 ,3398 
GRoup no:124 222,2380 ,3006 ,3390 
GRoup no:125 223,2379 ,3005 ,3384 
GRoup no:126 224,2330 ,2932 ,3334 
GRoup no:127 225,2329 ,2931 ,3328 
GRoup no:128 226,2328 ,2930 ,3322 
GRoup no:129 229,2343 ,2934 ,3340 
GRoup no:130 231,2308 ,2922 ,3293 
GRoup no:131 232,2307 ,2921 ,3287 
GRoup no:132 233,2306 ,2920 ,3281 
GRoup no:133 234,2305 ,2919 ,3273 
GRoup no:134 235,2304 ,2918 ,3267 
GRoup no:135 236,2346 ,2937 ,3355 
GRoup no:136 237,2345 ,2936 ,3349 
GRoup no:137 238,2344 ,2935 ,3343 
GRoup no:138 241,387 ,388 ,478 ,482 ,484 ,486 ,489 ,492 ,501 ,505 ,507 ,509 ,511 ,513 ,515 ,517 ,519 ,535 ,537 ,539 ,541 ,543 ,545 ,547 ,549 ,551 ,553 ,556 ,559 ,561 ,563 ,565 ,567 ,569 ,571 ,573 ,582 ,643 ,707 ,813 ,881 ,882 ,883 ,884 ,885 ,889 ,945 ,1110 ,1111 ,1112 ,1113 ,1114 ,1489 ,1490 ,1781 ,10025 ,10101 ,10102 ,10103 ,10104 ,10109 ,10110 ,10111 ,10112 ,10350 ,10351 ,10352 ,10353 ,10574 ,10575 ,10576 ,10628 ,10632 ,10641 ,10704 ,10706 ,10711 ,10712 ,10713 ,10714 ,10715 ,10716 ,10717 ,10718 ,10729 ,10759 ,10760 ,10761 ,10762 ,10763 ,10827 ,10837 ,10838 ,10839 ,10840 ,10868 ,10869 ,10870 ,10871 ,10905 ,10906 ,10907 ,10908 ,11333 ,11334 ,11340 ,11342 
GRoup no:139 242,593 
GRoup no:140 245
GRoup no:141 248
GRoup no:142 251
GRoup no:143 254
GRoup no:144 257
GRoup no:145 260
GRoup no:146 263
GRoup no:147 267
GRoup no:148 271
GRoup no:149 274
GRoup no:150 277
GRoup no:151 280
GRoup no:152 283
GRoup no:153 286
GRoup no:154 289
GRoup no:155 293
GRoup no:156 296
GRoup no:157 299
GRoup no:158 303
GRoup no:159 307
GRoup no:160 310
GRoup no:161 313
GRoup no:162 316
GRoup no:163 319
GRoup no:164 322
GRoup no:165 325
GRoup no:166 328
GRoup no:167 331
GRoup no:168 334
GRoup no:169 337
GRoup no:170 340
GRoup no:171 343
GRoup no:172 346
GRoup no:173 349
GRoup no:174 352
GRoup no:175 355
GRoup no:176 358
GRoup no:177 361
GRoup no:178 364
GRoup no:179 367
GRoup no:180 590
GRoup no:181 599
GRoup no:182 604
GRoup no:183 609
GRoup no:184 614
GRoup no:185 625
GRoup no:186 628
GRoup no:187 632
GRoup no:188 636
GRoup no:189 641,1028 ,1222 
GRoup no:190 644
GRoup no:191 651
GRoup no:192 657
GRoup no:193 660
GRoup no:194 666
GRoup no:195 672,673 ,1995 ,1996 ,2364 ,2365 ,2784 ,2787 ,5110 ,5111 ,5112 ,5113 ,5602 ,5603 ,5604 ,5605 ,6255 ,6256 ,6257 ,6258 ,6259 ,6260 ,6261 ,6262 ,6263 ,6266 ,6751 ,6752 ,6753 ,6754 ,6755 ,6756 ,6757 ,6758 ,7188 ,7191 ,7216 ,7219 ,7378 ,7381 ,7384 ,7405 ,7408 ,7582 ,7585 ,7588 ,7591 ,8555 ,8558 ,8561 ,8566 ,8569 ,8572 ,8575 
GRoup no:196 676
GRoup no:197 682
GRoup no:198 688,957 
GRoup no:199 689
GRoup no:200 695
GRoup no:201 700
GRoup no:202 705,1029 
GRoup no:203 708
GRoup no:204 715
GRoup no:205 721
GRoup no:206 727
GRoup no:207 734
GRoup no:208 742
GRoup no:209 750
GRoup no:210 759
GRoup no:211 762
GRoup no:212 768
GRoup no:213 774
GRoup no:214 780
GRoup no:215 786
GRoup no:216 794
GRoup no:217 800
GRoup no:218 806
GRoup no:219 814
GRoup no:220 821
GRoup no:221 827
GRoup no:222 833
GRoup no:223 839
GRoup no:224 845
GRoup no:225 853
GRoup no:226 859
GRoup no:227 865
GRoup no:228 871,9423 
GRoup no:229 886,887 ,10577 ,10647 
GRoup no:230 1109
GRoup no:231 1115,9740 ,9741 ,9893 
GRoup no:232 1116
GRoup no:233 1119,1783 
GRoup no:234 1125
GRoup no:235 1132,1789 
GRoup no:236 1136
GRoup no:237 1141,1799 
GRoup no:238 1147
GRoup no:239 1154,1805 
GRoup no:240 1160
GRoup no:241 1167
GRoup no:242 1174,2878 ,3159 
GRoup no:243 1175
GRoup no:244 1182
GRoup no:245 1189
GRoup no:246 1194
GRoup no:247 1199
GRoup no:248 1206
GRoup no:249 1211
GRoup no:250 1218
GRoup no:251 1227
GRoup no:252 1233
GRoup no:253 1240,1953 
GRoup no:254 1244
GRoup no:255 1249
GRoup no:256 1256
GRoup no:257 1263
GRoup no:258 1270
GRoup no:259 1277
GRoup no:260 1284,1287 
GRoup no:261 1290,3487 
GRoup no:262 1293
GRoup no:263 1296,3496 
GRoup no:264 1299,1703 
GRoup no:265 1302,3499 
GRoup no:266 1305,1308 
GRoup no:267 1311,1713 
GRoup no:268 1314,3518 
GRoup no:269 1317,3521 
GRoup no:270 1320,3527 
GRoup no:271 1323,3530 
GRoup no:272 1326,3598 
GRoup no:273 1329,3601 
GRoup no:274 1332,3604 
GRoup no:275 1335,3607 
GRoup no:276 1338,3610 
GRoup no:277 1341,3613 
GRoup no:278 1344,3616 
GRoup no:279 1347,3619 
GRoup no:280 1350,3622 
GRoup no:281 1353,3631 
GRoup no:282 1356,3634 
GRoup no:283 1359,3637 
GRoup no:284 1362,3640 
GRoup no:285 1365,3643 
GRoup no:286 1368,3646 
GRoup no:287 1371,3649 
GRoup no:288 1374,3652 
GRoup no:289 1377,3655 
GRoup no:290 1380,4820 
GRoup no:291 1383,4823 
GRoup no:292 1386,4826 
GRoup no:293 1389,4829 
GRoup no:294 1392,4832 
GRoup no:295 1395,4835 
GRoup no:296 1398,4838 
GRoup no:297 1401,4841 
GRoup no:298 1404,4847 
GRoup no:299 1407,4850 
GRoup no:300 1410,4853 
GRoup no:301 1413,4856 
GRoup no:302 1416,4859 
GRoup no:303 1419,4862 
GRoup no:304 1422,4865 
GRoup no:305 1425,4868 
GRoup no:306 1428,1758 
GRoup no:307 1431,2086 
GRoup no:308 1434,4913 
GRoup no:309 1437,4916 
GRoup no:310 1440,4919 
GRoup no:311 1443,4922 
GRoup no:312 1446,4925 
GRoup no:313 1449,4928 
GRoup no:314 1452,4931 
GRoup no:315 1455,4934 
GRoup no:316 1458,4937 
GRoup no:317 1461,5000 
GRoup no:318 1464,5003 
GRoup no:319 1467,5006 
GRoup no:320 1470,5009 
GRoup no:321 1473,5012 
GRoup no:322 1476,5015 
GRoup no:323 1479,5018 
GRoup no:324 1482,5021 
GRoup no:325 1485,5024 
GRoup no:326 1537
GRoup no:327 1551
GRoup no:328 1649,1966 ,3361 ,3362 ,3363 ,3364 ,3365 ,3366 ,3367 ,3368 ,3369 ,3370 ,3371 ,3372 ,3373 ,3374 ,3379 ,4193 ,7060 ,7061 ,7062 ,7064 ,7065 ,7066 ,7067 ,7103 ,7104 ,7105 ,7106 ,7825 ,7826 ,7852 ,8404 ,8943 ,9408 ,9585 ,9618 ,9786 ,9820 
GRoup no:329 1708,2231 ,3134 ,4784 ,4790 ,7447 ,9071 ,10314 ,10315 ,10431 ,10509 
GRoup no:330 1721,2235 ,3067 ,3070 
GRoup no:331 1821,1822 ,2107 ,2108 ,2257 
GRoup no:332 1828,4463 ,4464 ,5167 ,5632 
GRoup no:333 1829
GRoup no:334 1830,4469 ,4470 ,5170 ,5670 
GRoup no:335 1832,2110 ,2111 ,2268 ,2523 
GRoup no:336 1833,4471 ,4472 ,5171 ,5683 
GRoup no:337 1834,1835 ,2112 ,2113 ,2269 
GRoup no:338 1839,2114 ,2115 ,2274 ,2533 
GRoup no:339 1840,4475 ,4476 ,5172 ,5690 
GRoup no:340 1841,4477 ,4478 ,5173 ,5697 
GRoup no:341 1842,4481 ,4482 ,5175 ,5718 
GRoup no:342 1843,4483 ,4484 ,5176 ,5728 
GRoup no:343 1845
GRoup no:344 1851
GRoup no:345 1867,4507 ,4508 ,5196 ,5771 
GRoup no:346 1868,4509 ,4510 ,5197 ,5778 
GRoup no:347 1869,4511 ,4512 ,5198 ,5789 
GRoup no:348 1870,4513 ,4514 ,5199 ,5799 
GRoup no:349 1871,4515 ,4516 ,5200 ,5807 
GRoup no:350 1872,4517 ,4518 ,5201 ,5821 
GRoup no:351 1873,4519 ,4520 ,5202 ,5837 
GRoup no:352 1874,4521 ,4522 ,5203 ,5850 
GRoup no:353 1875,4523 ,4524 ,5204 ,5856 
GRoup no:354 1876,4525 ,4526 ,5205 ,5863 
GRoup no:355 1877,4527 ,4528 ,5206 ,5870 
GRoup no:356 1878,4529 ,4530 ,5207 ,5881 
GRoup no:357 1879,4531 ,4532 ,5208 ,5892 
GRoup no:358 1880,4533 ,4534 ,5209 ,5898 
GRoup no:359 1881,4535 ,4536 ,5210 ,5905 
GRoup no:360 1882,4537 ,4538 ,5211 ,5915 
GRoup no:361 1883,4539 ,4540 ,5212 ,5926 
GRoup no:362 1884,4541 ,4542 ,5213 ,5936 
GRoup no:363 1885
GRoup no:364 1892
GRoup no:365 1899
GRoup no:366 1906
GRoup no:367 1913
GRoup no:368 1919
GRoup no:369 1931,5944 ,5945 ,6540 ,6894 
GRoup no:370 1932,5946 ,5947 ,6541 ,6901 
GRoup no:371 1933,5948 ,5949 ,6542 ,6912 
GRoup no:372 1934,5950 ,5951 ,6543 ,6923 
GRoup no:373 1935,5952 ,5953 ,6544 ,6929 
GRoup no:374 1936,5954 ,5955 ,6545 ,6936 
GRoup no:375 1937,5956 ,5957 ,6546 ,6946 
GRoup no:376 1938,5958 ,5959 ,6547 ,6957 
GRoup no:377 1939,5967 ,5968 ,6555 ,6970 
GRoup no:378 1940,5969 ,5970 ,6556 ,6977 
GRoup no:379 1941,5971 ,5972 ,6557 ,6988 
GRoup no:380 1942,5973 ,5974 ,6558 ,6998 
GRoup no:381 1943,5975 ,5976 ,6559 ,7006 
GRoup no:382 1944,5977 ,5978 ,6560 ,7020 
GRoup no:383 1945,5979 ,5980 ,6561 ,7036 
GRoup no:384 1946,5989 ,5990 ,6569 ,7049 
GRoup no:385 1947
GRoup no:386 1965,2171 ,2172 ,2355 ,2650 
GRoup no:387 1967,2356 ,2357 ,2653 ,2988 ,3375 
GRoup no:388 1968,6060 ,6061 ,6621 ,7107 
GRoup no:389 1969,6062 ,6063 ,6622 ,7114 
GRoup no:390 1970,6064 ,6065 ,6623 ,7125 
GRoup no:391 1971,6066 ,6067 ,6624 ,7136 
GRoup no:392 1972,6068 ,6069 ,6625 ,7142 
GRoup no:393 1973,6070 ,6071 ,6626 ,7149 
GRoup no:394 1974,6072 ,6073 ,6627 ,7159 
GRoup no:395 1975,6074 ,6075 ,6628 ,7170 
GRoup no:396 1976,6076 ,6077 ,6629 ,7180 ,8333 
GRoup no:397 1977
GRoup no:398 1983
GRoup no:399 1997
GRoup no:400 2003
GRoup no:401 2015,6103 ,6104 ,6649 ,7222 
GRoup no:402 2016,6105 ,6106 ,6650 ,7229 
GRoup no:403 2017,6107 ,6108 ,6651 ,7240 
GRoup no:404 2018,6109 ,6110 ,6652 ,7250 
GRoup no:405 2019,6111 ,6112 ,6653 ,7258 
GRoup no:406 2020,6113 ,6114 ,6654 ,7272 
GRoup no:407 2021,6115 ,6116 ,6655 ,7288 
GRoup no:408 2022,6117 ,6118 ,6656 ,7301 
GRoup no:409 2023,6119 ,6120 ,6657 ,7307 
GRoup no:410 2024
GRoup no:411 2031
GRoup no:412 2038
GRoup no:413 2045
GRoup no:414 2052
GRoup no:415 2058
GRoup no:416 2074,3493 
GRoup no:417 2081,3524 
GRoup no:418 2117,2537 ,3953 ,3954 ,3955 ,3956 ,4487 ,4488 ,5177 ,5178 ,5735 ,10587 ,10730 ,10778 
GRoup no:419 2230,2765 ,2867 ,2868 ,3130 ,3507 ,4303 ,6191 ,6192 ,6193 ,6194 ,6711 ,6712 ,7441 ,7444 ,7450 ,8615 ,10671 ,10672 ,10737 ,10789 
GRoup no:420 2240,2442 
GRoup no:421 2267,4467 ,5654 
GRoup no:422 2275,4479 ,4480 ,5174 ,5707 
GRoup no:423 2287
GRoup no:424 2293
GRoup no:425 2309
GRoup no:426 2315
GRoup no:427 2331
GRoup no:428 2348,2619 
GRoup no:429 2351,2638 
GRoup no:430 2366,2674 ,4769 
GRoup no:431 2367,2680 ,3381 ,4763 ,6158 ,6159 ,6686 ,7369 
GRoup no:432 2368
GRoup no:433 2384
GRoup no:434 2390
GRoup no:435 2406
GRoup no:436 2412
GRoup no:437 2866,3126 
GRoup no:438 2869,3131 ,6770 ,6771 ,6772 ,6773 ,8117 ,9645 ,9957 ,9958 ,10076 ,10170 
GRoup no:439 3061,3064 ,4789 ,4794 ,7456 ,8617 ,9835 ,9836 ,9837 ,9838 ,9955 ,9956 ,10070 ,10073 ,10988 ,10989 ,11023 ,11044 
GRoup no:440 3096,6766 ,6767 ,6768 ,6769 ,7609 
GRoup no:441 3097
GRoup no:442 3101
GRoup no:443 3107
GRoup no:444 3114
GRoup no:445 3122
GRoup no:446 3135,10588 ,10731 ,10781 
GRoup no:447 3136,6787 ,6788 ,6789 ,6790 ,7620 
GRoup no:448 3137
GRoup no:449 3140
GRoup no:450 3144
GRoup no:451 3149
GRoup no:452 3155
GRoup no:453 3167,3586 ,3589 ,3592 ,3595 ,3958 ,4489 ,4490 ,4491 ,4492 ,4493 ,4494 ,4501 ,4502 ,4503 ,4504 ,4505 ,4506 ,4699 ,4700 ,4958 ,4961 ,4964 ,4967 ,4985 ,4988 ,4991 ,4994 ,5179 ,5180 ,5181 ,5182 ,5183 ,5189 ,5190 ,5191 ,5192 ,5193 ,5736 ,5740 ,5744 ,5758 ,5762 ,5766 ,6090 ,6091 ,6092 ,6093 ,6094 ,6095 ,6096 ,6097 ,6098 ,6099 ,6100 ,6101 ,6639 ,6640 ,6641 ,6642 ,6643 ,6644 ,6645 ,6646 ,6647 ,6648 ,7194 ,7198 ,7202 ,7205 ,7209 ,7213 
GRoup no:454 3168,6836 ,6837 ,6838 ,7649 ,8874 ,9265 
GRoup no:455 3169
GRoup no:456 3173
GRoup no:457 3178
GRoup no:458 3184,6848 ,6849 ,6850 ,6851 ,7655 
GRoup no:459 3185
GRoup no:460 3189
GRoup no:461 3195
GRoup no:462 3202
GRoup no:463 3210,6870 ,6871 ,6872 ,7668 ,8878 ,9268 
GRoup no:464 3211
GRoup no:465 3215
GRoup no:466 3221
GRoup no:467 3228,6884 ,6885 ,6886 ,6887 ,7671 
GRoup no:468 3229
GRoup no:469 3232
GRoup no:470 3236
GRoup no:471 3241
GRoup no:472 3380,3486 ,3873 ,3876 ,3879 ,3882 ,4693 ,4694 ,4695 ,4696 ,4697 ,4698 ,4775 ,4776 ,4777 ,4778 ,4779 ,4780 ,4781 ,4782 ,4783 ,5126 ,5129 ,5132 ,5135 ,5153 ,5156 ,5159 ,5162 ,5363 ,5364 ,5365 ,5366 ,5367 ,5451 ,5452 ,5453 ,5454 ,5455 ,5456 ,5457 ,6079 ,6083 ,6087 ,6166 ,6170 ,6174 ,6177 ,6181 ,6182 ,6183 ,6184 ,6185 ,6186 ,6187 ,6188 ,6189 ,6190 ,6702 ,6703 ,6704 ,6705 ,6706 ,6707 ,6708 ,6709 ,6710 ,7387 ,7391 ,7394 ,7398 ,7402 
GRoup no:473 3452,3453 ,3795 ,3798 ,3801 ,3804 ,3834 ,3837 ,3840 ,3843 ,3964 ,4495 ,4496 ,4497 ,4498 ,4499 ,4500 ,4743 ,4744 ,4745 ,4746 ,4747 ,4748 ,4749 ,4750 ,4751 ,4752 ,4753 ,4754 ,4755 ,5052 ,5055 ,5058 ,5061 ,5184 ,5185 ,5186 ,5187 ,5188 ,5425 ,5426 ,5427 ,5429 ,5430 ,5431 ,5432 ,5433 ,5747 ,5751 ,5755 ,6121 ,6122 ,6123 ,6124 ,6125 ,6126 ,6127 ,6131 ,6135 ,6136 ,6137 ,6141 ,6145 ,6658 ,6659 ,6660 ,6661 ,6668 ,7314 ,7318 ,7322 ,7331 
GRoup no:474 3490
GRoup no:475 3502,3510 ,4793 ,5469 ,7453 ,8607 ,8608 ,8609 ,8610 ,8616 ,9064 ,9065 ,9426 ,9429 ,10872 ,10873 ,10909 ,10928 
GRoup no:476 3515,6777 ,6778 ,6779 ,8114 
GRoup no:477 3551,3552 ,4326 ,4327 ,4803 ,7477 ,7478 ,8144 ,8145 ,8274 ,8275 ,8278 ,8279 ,8280 ,8281 ,8284 ,8285 ,8627 ,8753 ,8754 ,8755 ,8756 ,8861 ,8862 ,8865 ,8866 ,9179 ,9180 ,9181 ,9182 ,9256 ,9257 ,9260 ,9261 ,9363 ,9364 ,9365 ,9366 ,9369 ,9370 ,9371 ,9372 ,9485 ,9488 ,9602 ,9603 ,9604 ,9605 ,9650 ,9656 ,9800 ,9801 ,9802 ,9803 ,9989 ,9992 
GRoup no:478 3569,3570 ,4333 ,4334 ,4806 ,7556 ,7557 ,7558 ,7559 ,8216 ,8217 ,8218 ,8219 ,8276 ,8277 ,8282 ,8283 ,8537 ,8538 ,8539 ,8540 ,8727 ,8730 ,8733 ,8734 ,8863 ,8864 ,9024 ,9025 ,9159 ,9160 ,9258 ,9259 ,9392 ,9393 ,9394 ,9395 ,9396 ,9397 ,9398 ,9399 ,9400 ,9401 ,9478 ,9612 ,9613 ,9614 ,9615 ,9653 ,9698 ,9813 ,9814 ,9815 ,9816 ,9983 ,9986 
GRoup no:479 3625,4810 ,4813 ,6203 ,6865 ,6866 ,9079 ,9083 ,9087 ,9088 ,9089 ,9093 ,9094 ,9095 ,9442 ,9445 ,9663 ,9667 
GRoup no:480 3628,4814 ,6844 ,6859 ,6860 ,6861 ,6862 ,6863 ,6864 ,7650 ,7659 ,8166 ,8183 
GRoup no:481 3658,4817 ,7545 ,7548 
GRoup no:482 3661,6204 
GRoup no:483 3664,6210 
GRoup no:484 3667,3670 ,3685 ,3688 
GRoup no:485 3673,3676 ,3691 ,3694 
GRoup no:486 3679,3682 ,3697 ,3700 
GRoup no:487 3703,3706 ,3709 ,3712 
GRoup no:488 3715,3718 ,4613 ,4614 ,4619 ,4620 ,5285 ,5286 ,5291 ,5292 ,5996 ,6009 
GRoup no:489 3721,4874 
GRoup no:490 3724,4877 
GRoup no:491 3727,4880 
GRoup no:492 3730,4883 
GRoup no:493 3733,4904 
GRoup no:494 3736,3739 
GRoup no:495 3742,3745 
GRoup no:496 3748,3751 
GRoup no:497 3754,3757 
GRoup no:498 3760,3763 
GRoup no:499 3781,3782 ,4411 ,4412 ,4997 ,7580 ,7581 ,8232 ,8233 ,8469 ,8470 ,8483 ,8484 ,8564 ,8565 ,8578 ,8579 ,8811 ,8814 ,8815 ,8816 ,8817 ,8991 ,8992 ,9053 ,9054 ,9234 ,9235 ,9236 ,9237 ,9367 ,9368 ,9413 ,9414 ,9415 ,9416 ,9417 ,9418 ,9419 ,9420 ,9421 ,9422 ,9517 ,9520 ,9621 ,9622 ,9623 ,9624 ,9702 ,9727 ,9827 ,9828 ,9829 ,9830 ,10007 ,10010 
GRoup no:500 3846,5092 
GRoup no:501 3849,5095 
GRoup no:502 3852,4761 ,5098 ,6156 ,6157 ,6685 ,7364 
GRoup no:503 3855,4765 ,5107 ,6160 ,6161 ,6687 ,7373 
GRoup no:504 4308,4313 ,7459 ,8254 ,8618 ,9543 ,10212 ,10213 ,10241 ,10242 ,10271 ,10272 ,10357 ,10360 ,11114 ,11115 ,11116 ,11141 ,11142 ,11168 ,11171 
GRoup no:505 4465,4466 ,5168 ,5640 
GRoup no:506 4468,5169 
GRoup no:507 4473,4474 ,5166 ,10550 ,10551 ,10631 
GRoup no:508 4485,4486 ,5165 ,10549 ,10705 
GRoup no:509 4543,5943 ,8322 ,8323 ,8324 ,8325 ,8887 ,8888 ,9243 ,9275 ,9541 ,10555 ,10709 
GRoup no:510 4544,8337 ,8338 ,8339 ,8898 
GRoup no:511 4545
GRoup no:512 4549
GRoup no:513 4555
GRoup no:514 4562,8348 ,8349 ,8350 ,8351 ,8902 ,9280 
GRoup no:515 4563
GRoup no:516 4566
GRoup no:517 4570
GRoup no:518 4575,6967 ,6968 ,7744 ,8326 
GRoup no:519 4576,8369 ,8370 ,8371 ,8920 
GRoup no:520 4577
GRoup no:521 4581
GRoup no:522 4586
GRoup no:523 4592,8378 ,8379 ,8380 ,8381 ,8927 
GRoup no:524 4593
GRoup no:525 4597
GRoup no:526 4603
GRoup no:527 4610,7055 ,7056 ,7822 ,8358 
GRoup no:528 4611,4612 ,4617 ,4618 ,5283 ,5284 ,5289 ,5290 ,5991 ,6003 
GRoup no:529 4615,4616 ,4621 ,4622 ,5287 ,5288 ,5293 ,5294 ,6000 ,6014 
GRoup no:530 4623,4624 ,4625 ,4626 ,5295 ,5296 ,5297 ,5298 ,6018 ,6021 ,7057 
GRoup no:531 4627,4628 ,5299 ,5300 ,6022 ,7063 ,8394 
GRoup no:532 4629,6023 ,6024 ,6594 ,7068 
GRoup no:533 4630,4632 ,4634 ,4635 ,4637 ,4638 ,4639 ,4640 ,4641 ,8409 ,8410 ,8411 ,8415 ,8416 ,8417 ,8418 ,8950 ,8956 
GRoup no:534 4631,6025 ,6026 ,6595 ,7073 
GRoup no:535 4633,6027 ,6028 ,6596 ,7077 
GRoup no:536 4636,6029 ,6030 ,6597 ,7080 
GRoup no:537 4642,6037 ,6038 ,6604 ,7098 ,8405 
GRoup no:538 4643,4644 ,5314 ,5315 ,6041 
GRoup no:539 4645,4646 ,5316 ,5317 ,6047 
GRoup no:540 4647,4648 ,5318 ,5319 ,6052 
GRoup no:541 4649,4650 ,5320 ,5321 ,6056 
GRoup no:542 4651,4652 ,5322 ,5323 ,6059 ,7100 
GRoup no:543 4653,5324 ,5631 ,10450 ,10451 ,10546 
GRoup no:544 4656,8433 ,8434 ,8435 ,8963 ,9560 ,9591 ,9754 ,9758 ,9791 
GRoup no:545 4657
GRoup no:546 4661
GRoup no:547 4667
GRoup no:548 4674,8447 ,8448 ,8449 ,8450 ,8966 
GRoup no:549 4675
GRoup no:550 4678
GRoup no:551 4682
GRoup no:552 4687
GRoup no:553 4701,8488 ,8489 ,8490 ,8995 ,9579 ,9611 ,9775 ,9779 ,9809 
GRoup no:554 4702
GRoup no:555 4706
GRoup no:556 4711
GRoup no:557 4717,8500 ,8501 ,8502 ,8503 ,9001 
GRoup no:558 4718
GRoup no:559 4722
GRoup no:560 4728
GRoup no:561 4735
GRoup no:562 4795,6783 ,9066 ,9067 ,9068 ,9432 ,9642 
GRoup no:563 4796
GRoup no:564 4809,6202 ,6839 ,6840 ,6841 ,6842 ,6843 ,6852 ,6853 ,6854 ,6855 ,6856 ,6857 ,6858 ,8146 ,8156 ,8169 ,8186 ,9659 ,9660 ,9661 ,9662 ,9666 ,9670 ,9846 ,9847 ,9961 ,9964 ,9967 ,9968 ,9969 ,9970 ,10082 ,10083 ,10180 ,10183 
GRoup no:565 4844,6207 ,8672 ,8675 
GRoup no:566 4871,6214 ,7552 ,8393 ,8717 ,9318 ,9671 ,9675 ,9682 ,9690 ,9691 ,9692 ,9863 ,9975 ,9976 ,9979 ,10086 ,10192 
GRoup no:567 4886,4889 
GRoup no:568 4892,4895 
GRoup no:569 4898,4901 
GRoup no:570 4907,4910 ,5101 ,5104 
GRoup no:571 4940,6220 ,8747 ,8750 
GRoup no:572 5027,6232 ,6235 ,7573 ,8517 ,8518 ,9707 ,9711 ,9715 ,9716 ,9717 ,9721 ,9722 ,9723 ,9873 ,9876 ,9999 ,10003 
GRoup no:573 5030,6236 ,8496 ,8511 ,8512 ,8513 ,8514 ,8515 ,8516 ,8996 ,9005 ,9203 ,9220 
GRoup no:574 5068,5071 
GRoup no:575 5074,5077 
GRoup no:576 5080,5083 
GRoup no:577 5086,5089 
GRoup no:578 5769,9262 ,9805 ,9806 ,9906 ,9907 ,9910 ,9911 ,10036 ,10038 ,10113 ,10115 ,10156 ,10157 ,10158 ,10159 ,10237 ,10238 ,10299 ,10300 ,10399 
GRoup no:579 5770,9323 ,9324 ,9784 ,9908 ,9909 ,9938 ,9939 ,10037 ,10050 ,10114 ,10134 ,10135 ,10136 ,10137 ,10138 ,10231 ,10232 ,10293 ,10294 ,10388 
GRoup no:580 5960
GRoup no:581 5966,6969 ,9297 ,9298 ,9299 ,9300 ,9569 ,9570 ,9742 ,9766 ,9896 ,10107 ,10268 
GRoup no:582 5981
GRoup no:583 6031,6032 ,6598 ,6599 ,7086 
GRoup no:584 6033,6034 ,6600 ,6601 ,7091 
GRoup no:585 6035,6036 ,6602 ,6603 ,7095 
GRoup no:586 6039,6040 ,6162 ,6163 ,6605 ,6606 ,6688 ,6689 ,7099 ,7376 ,8412 ,8541 
GRoup no:587 6078,7187 ,9359 ,9360 ,9361 ,9362 ,9600 ,9601 ,9739 ,9799 ,9892 ,10767 ,10866 
GRoup no:588 6102,9412 ,9825 ,9826 ,9947 ,9948 ,9953 ,9954 ,10062 ,10067 ,10155 ,10161 ,10162 ,10163 ,10164 ,10165 ,10239 ,10240 ,10306 ,10307 ,10402 
GRoup no:589 6148,6149 ,6677 ,6678 ,7346 
GRoup no:590 6150,6151 ,6679 ,6680 ,7351 
GRoup no:591 6152,6153 ,6681 ,6682 ,7355 
GRoup no:592 6154,6155 ,6683 ,6684 ,7358 
GRoup no:593 6195,9073 ,9435 ,9646 
GRoup no:594 6213,7551 ,8372 ,8373 ,8374 ,8375 ,8376 ,8382 ,8383 ,8384 ,8385 ,8386 ,8387 ,9117 ,9127 ,9149 ,9314 ,9685 ,9971 ,9972 ,9973 ,9974 ,9977 ,9982 ,10084 ,10085 ,10186 ,10189 ,10195 ,10196 ,10259 ,10332 ,10333 ,10334 ,10441 ,10531 
GRoup no:595 6217,7553 ,8377 ,8388 ,8389 ,8390 ,8391 ,8392 ,8924 ,8931 ,9146 ,9315 ,9679 
GRoup no:596 6231,7572 ,8491 ,8492 ,8493 ,8494 ,8495 ,8504 ,8505 ,8506 ,8507 ,8508 ,8509 ,8510 ,9183 ,9193 ,9206 ,9223 ,9995 ,9996 ,9997 ,9998 ,10002 ,10006 ,10093 ,10094 ,10197 ,10200 ,10203 ,10204 ,10205 ,10206 ,10264 ,10265 ,10341 ,10344 
GRoup no:597 6761,10556 ,10710 
GRoup no:598 6762
GRoup no:599 6774,6775 ,6776 ,8134 ,9959 ,10077 ,10173 
GRoup no:600 6780,8131 
GRoup no:601 6781
GRoup no:602 6782,7613 
GRoup no:603 6784
GRoup no:604 6791,6792 ,6793 ,7429 ,10278 ,10419 
GRoup no:605 6794,6795 ,7432 ,10279 ,10422 
GRoup no:606 6796,7435 ,10280 ,10425 
GRoup no:607 6833
GRoup no:608 6845
GRoup no:609 6867
GRoup no:610 6873,6874 ,6875 ,6876 ,6877 ,7533 ,7536 ,8196 ,8200 
GRoup no:611 6878,6879 ,6880 ,7539 ,7542 ,8204 ,8208 
GRoup no:612 6881
GRoup no:613 6888,6889 ,6890 ,7414 ,10287 ,10406 
GRoup no:614 6891,6892 ,7417 ,10288 ,10409 
GRoup no:615 6893,7420 ,10289 ,10412 
GRoup no:616 7411,10308 
GRoup no:617 7423,10290 ,10415 
GRoup no:618 7426,10311 
GRoup no:619 7438,10281 ,10428 
GRoup no:620 7462,8619 ,11117 
GRoup no:621 7465,9077 ,10317 
GRoup no:622 7468
GRoup no:623 7471,10273 ,10875 
GRoup no:624 7474,10990 ,11024 ,11047 
GRoup no:625 7479,7491 ,7503 ,7521 ,9082 ,9086 ,9092 ,9098 ,10176 ,10177 ,10178 ,10179 ,10247 ,10248 ,10318 ,10321 ,10324 ,10325 ,10326 ,10327 ,10437 ,10438 ,10519 ,10522 
GRoup no:626 7482,7494 ,7506 ,7524 ,8632 ,8637 ,8644 ,8653 ,10515 ,10516 ,10517 ,10518 ,10609 ,10610 ,10675 ,10678 ,10681 ,10682 ,10683 ,10684 ,10746 ,10747 ,10800 ,10803 
GRoup no:627 7485,7497 ,7509 ,7527 ,8633 ,8638 ,8645 ,8654 ,10796 ,10797 ,10798 ,10799 ,10845 ,10846 ,10876 ,10879 ,10882 ,10883 ,10884 ,10885 ,10915 ,10916 ,10938 ,10941 
GRoup no:628 7488,7500 ,7512 ,7530 ,8634 ,8639 ,8646 ,8655 ,10934 ,10935 ,10936 ,10937 ,10969 ,10970 ,10992 ,10995 ,10998 ,10999 ,11000 ,11001 ,11027 ,11028 ,11050 ,11053 
GRoup no:629 7515,7518 ,8288 ,8294 ,8295 ,8647 ,8648 ,9551 ,11040 ,11041 ,11042 ,11043 ,11077 ,11078 ,11100 ,11103 ,11118 ,11119 ,11120 ,11121 ,11143 ,11144 ,11174 ,11177 
GRoup no:630 8242,10455 ,10456 ,10552 
GRoup no:631 8243,10557 ,10558 ,10637 
GRoup no:632 8244,10559 ,10560 ,10638 
GRoup no:633 8245,10561 ,10562 ,10639 
GRoup no:634 8246,10563 ,10564 ,10640 
GRoup no:635 8247,10465 ,10466 ,10565 
GRoup no:636 8248,10566 ,10567 ,10642 
GRoup no:637 8249,10568 ,10569 ,10643 
GRoup no:638 8250,10570 ,10571 ,10644 
GRoup no:639 8251,10572 ,10573 ,10645 
GRoup no:640 8252,10768 ,10867 
GRoup no:641 8253,10108 ,10269 
GRoup no:642 8260,9905 ,10581 ,10582 ,10648 ,10649 ,10739 ,11213 ,11214 ,11215 ,11216 ,11242 ,11243 ,11260 ,11261 ,11277 ,11278 ,11288 ,11299 
GRoup no:643 8261,10836 ,11313 ,11314 ,11321 ,11328 
GRoup no:644 8262
GRoup no:645 8269
GRoup no:646 8296,8297 ,9917 ,11152 ,11153 ,11154 ,11155 ,11205 ,11217 ,11218 ,11219 ,11220 ,11244 ,11245 ,11262 ,11263 ,11279 ,11280 ,11289 ,11302 
GRoup no:647 8298
GRoup no:648 8307
GRoup no:649 8315,8317 ,8879 ,8880 ,8881 ,8882 ,9271 ,9272 ,9539 ,9555 ,9737 ,10553 ,10707 
GRoup no:650 8319,8321 ,8883 ,8884 ,8885 ,8886 ,9273 ,9274 ,9540 ,9556 ,9738 ,10554 ,10708 
GRoup no:651 8340,8341 ,8342 ,8343 ,8344 ,8660 ,8663 ,9099 ,9103 
GRoup no:652 8345,8346 ,8347 ,8666 ,8669 ,9107 ,9111 
GRoup no:653 8352,8353 ,8354 ,8595 ,9285 ,9626 
GRoup no:654 8355,8356 ,8598 ,9286 ,9629 
GRoup no:655 8357,8601 ,9287 ,9632 
GRoup no:656 8365
GRoup no:657 8421
GRoup no:658 8430
GRoup no:659 8436,8437 ,8438 ,8439 ,8440 ,8735 ,8738 ,9161 ,9165 
GRoup no:660 8441,8442 ,8443 ,8741 ,8744 ,9169 ,9173 
GRoup no:661 8444
GRoup no:662 8451,8452 ,8453 ,8583 ,10594 ,10659 
GRoup no:663 8454,8455 ,8586 ,10595 ,10662 
GRoup no:664 8456,8589 ,10596 ,10665 
GRoup no:665 8485
GRoup no:666 8497
GRoup no:667 8580,10602 
GRoup no:668 8592,10597 ,10668 
GRoup no:669 8604,9288 ,9635 
GRoup no:670 8624
GRoup no:671 8625
GRoup no:672 8626
GRoup no:673 8678,8690 ,9462 ,9473 ,9674 ,9678 ,9695 ,9978 ,10328 ,10329 ,10330 ,10331 ,10439 ,10440 ,10525 ,10528 ,10534 ,10535 ,10621 ,10689 ,10690 ,10691 ,10750 ,10812 
GRoup no:674 8681,8693 ,8702 ,8718 ,9454 ,9459 ,9862 ,9866 ,10685 ,10686 ,10687 ,10688 ,10748 ,10749 ,10806 ,10809 ,10815 ,10816 ,10857 ,10890 ,10891 ,10892 ,10919 ,10950 
GRoup no:675 8684,8696 ,8705 ,8721 ,9455 ,9460 ,9465 ,9476 ,10886 ,10887 ,10888 ,10889 ,10917 ,10918 ,10944 ,10947 ,10953 ,10954 ,10981 ,11006 ,11007 ,11008 ,11031 ,11062 
GRoup no:676 8687,8699 ,8708 ,8724 ,9456 ,9461 ,9466 ,9477 ,11002 ,11003 ,11004 ,11005 ,11029 ,11030 ,11056 ,11059 ,11065 ,11066 ,11095 ,11122 ,11123 ,11124 ,11145 ,11180 
GRoup no:677 8711,8714 ,9319 ,9320 ,9467 ,9468 ,9769 ,9935 ,11106 ,11107 ,11108 ,11109 ,11137 ,11138 ,11156 ,11159 ,11183 ,11184 ,11210 ,11231 ,11232 ,11233 ,11250 ,11272 
GRoup no:678 8757,8769 ,8781 ,8799 ,9710 ,9714 ,9720 ,9726 ,10337 ,10338 ,10339 ,10340 ,10444 ,10445 ,10536 ,10539 ,10542 ,10543 ,10544 ,10545 ,10626 ,10627 ,10698 ,10701 
GRoup no:679 8760,8772 ,8784 ,8802 ,9493 ,9498 ,9505 ,9514 ,10694 ,10695 ,10696 ,10697 ,10753 ,10754 ,10817 ,10820 ,10823 ,10824 ,10825 ,10826 ,10862 ,10863 ,10899 ,10902 
GRoup no:680 8763,8775 ,8787 ,8805 ,9494 ,9499 ,9506 ,9515 ,10895 ,10896 ,10897 ,10898 ,10922 ,10923 ,10955 ,10958 ,10961 ,10962 ,10963 ,10964 ,10986 ,10987 ,11015 ,11018 
GRoup no:681 8766,8778 ,8790 ,8808 ,9495 ,9500 ,9507 ,9516 ,11011 ,11012 ,11013 ,11014 ,11034 ,11035 ,11067 ,11070 ,11073 ,11074 ,11075 ,11076 ,11098 ,11099 ,11127 ,11130 
GRoup no:682 8793,8796 ,9375 ,9381 ,9382 ,9508 ,9509 ,9949 ,11110 ,11111 ,11112 ,11113 ,11139 ,11140 ,11162 ,11165 ,11185 ,11186 ,11187 ,11188 ,11211 ,11212 ,11236 ,11239 
GRoup no:683 8818,9238 ,9732 ,10013 ,10014 ,10015 
GRoup no:684 8840,9242 ,9736 ,10020 ,10021 ,10022 
GRoup no:685 8857
GRoup no:686 8871,10283 
GRoup no:687 8959,9790 ,10055 ,10056 ,10140 ,10234 ,10296 
GRoup no:688 8960,9339 
GRoup no:689 9072,9074 
GRoup no:690 9244,10719 ,10720 ,10764 
GRoup no:691 9245,10769 ,10770 ,10832 
GRoup no:692 9246,10771 ,10772 ,10833 
GRoup no:693 9247,10773 ,10774 ,10834 
GRoup no:694 9248,10775 ,10776 ,10835 
GRoup no:695 9249,9897 ,9898 ,10032 
GRoup no:696 9250,9899 ,9900 ,10033 
GRoup no:697 9251,9901 ,9902 ,10034 
GRoup no:698 9252,9903 ,9904 ,10035 
GRoup no:699 9276,9557 ,9768 ,10130 ,10292 ,10381 
GRoup no:700 9290,9292 ,9561 ,9562 ,9563 ,9564 ,9762 ,9763 ,9894 ,9923 ,10026 ,10105 ,10266 
GRoup no:701 9294,9296 ,9565 ,9566 ,9567 ,9568 ,9764 ,9765 ,9895 ,9924 ,10028 ,10106 ,10267 
GRoup no:702 9301,9571 ,9774 ,10131 ,10133 ,10230 ,10301 
GRoup no:703 9307
GRoup no:704 9321,9322 ,10132 ,11222 ,11223 ,11224 ,11225 ,11252 ,11264 ,11265 ,11282 ,11290 ,11291 ,11292 ,11295 ,11296 ,11307 ,11308 ,11316 ,11323 
GRoup no:705 9326,9581 ,9733 ,10547 ,10548 ,10629 
GRoup no:706 9332
GRoup no:707 9344
GRoup no:708 9352,9354 ,9592 ,9593 ,9594 ,9595 ,9795 ,9796 ,9890 ,9945 ,10023 ,10765 ,10864 
GRoup no:709 9356,9358 ,9596 ,9597 ,9598 ,9599 ,9797 ,9798 ,9891 ,9946 ,10024 ,10766 ,10865 
GRoup no:710 9383,9384 ,10160 ,11226 ,11227 ,11228 ,11229 ,11257 ,11267 ,11268 ,11269 ,11270 ,11284 ,11285 ,11293 ,11294 ,11297 ,11298 ,11309 ,11317 
GRoup no:711 9385
GRoup no:712 9402,9582 ,9616 ,9785 ,10053 ,10054 ,10139 ,10233 ,10295 ,10391 
GRoup no:713 9407,9617 ,9817 
GRoup no:714 9526,9734 ,10016 ,10017 
GRoup no:715 9531,9735 ,10018 ,10019 
GRoup no:716 9575
GRoup no:717 9608,10497 
GRoup no:718 9649
GRoup no:719 9767,9925 
GRoup no:720 9773,9932 
GRoup no:721 9960
GRoup no:722 10039,10040 ,10041 ,10116 
GRoup no:723 10042,10043 ,10119 
GRoup no:724 10057,10058 ,10059 ,10141 
GRoup no:725 10060,10061 ,10148 
GRoup no:726 10124
GRoup no:727 10270,10354 
GRoup no:728 10282,10367 
GRoup no:729 10291,10375 
GRoup no:730 10316,10432 ,10512 
GRoup no:731 10479,10991 
GRoup no:732 10583
GRoup no:733 10589
GRoup no:734 10598,10652 
GRoup no:735 10673,10674 ,10738 ,10792 
GRoup no:736 10784
GRoup no:737 10874,10910 ,10931 
GRoup no:738 11246,11312 ,11315 ,11320 ,11327 
GRoup no:739 11283,11336 ,11337 ,11339 ,11341 
GRoup no:740 11286,11329 ,11331 ,11335 ,11338 
