241
387
388
478
482
484
486
489
492
501
505
507
509
511
513
515
517
519
535
537
539
541
543
545
547
549
551
553
556
559
561
563
565
567
569
571
573
582
643
707
813
881
882
883
884
885
889
945
1110
1111
1112
1113
1114
1489
1490
1781
10025
10101
10102
10103
10104
10109
10110
10111
10112
10350
10351
10352
10353
10574
10575
10576
10628
10632
10641
10704
10706
10711
10712
10713
10714
10715
10716
10717
10718
10729
10759
10760
10761
10762
10763
10827
10837
10838
10839
10840
10868
10869
10870
10871
10905
10906
10907
10908
11333
11334
11340
11342
