2
42
106
38
105
107
107
107
107
107
106
107
86
105
107
73
76
76
76
42
71
73
73
73
73
73
73
71
105
71
76
76
76
76
71
71
73
73
73
73
73
73
73
71
73
76
107
107
107
107
106
73
73
71
73
71
107
107
107
107
105
52
105
105
105
105
43
105
44
106
105
105
105
106
105
105
105
70
46
56
72
73
73
72
72
72
72
73
73
73
73
73
73
73
73
45
72
73
73
73
73
73
73
73
72
72
76
76
76
73
76
76
76
76
106
70
106
106
106
106
107
105
107
107
107
105
107
107
107
107
107
107
107
105
107
107
107
107
2
49
59
71
106
106
106
106
106
106
59
71
105
105
105
105
106
105
105
105
106
71
107
107
107
107
107
105
107
107
107
71
107
107
107
107
105
107
107
107
105
107
47
106
105
106
106
50
73
106
59
59
106
106
106
106
106
71
105
73
106
73
76
106
59
105
105
105
105
105
105
2
107
107
107
107
107
105
107
107
107
107
107
107
107
105
107
107
107
105
57
86
54
57
55
72
72
72
72
73
73
105
105
106
87
72
105
106
107
76
76
76
2
106
106
106
106
71
107
73
71
73
106
106
106
106
106
106
58
58
87
82
58
58
106
105
105
106
105
105
105
105
105
75
75
75
75
75
75
75
75
75
92
66
66
74
92
92
92
92
107
107
105
107
107
107
107
105
59
59
74
74
74
74
74
74
74
74
74
105
107
107
105
107
107
107
107
107
106
87
73
106
93
106
106
106
106
106
106
58
58
87
82
58
58
72
105
106
105
105
106
105
105
105
105
105
75
75
75
75
75
75
75
75
75
76
107
72
107
76
107
92
66
66
74
92
92
92
92
107
107
105
107
107
107
107
105
106
59
59
74
74
74
74
74
74
74
74
74
71
107
73
107
105
107
107
105
107
107
107
107
107
71
73
76
76
71
73
106
58
93
106
72
106
58
76
107
72
107
107
106
106
107
76
107
71
73
76
76
77
106
106
106
106
106
106
106
61
95
87
82
82
82
82
58
70
106
105
105
105
106
105
105
105
105
75
88
88
88
75
75
75
75
75
71
72
106
106
106
70
72
105
105
90
92
107
73
73
73
73
73
73
73
73
73
73
73
73
59
59
59
71
76
76
76
76
106
106
106
77
87
90
92
66
66
66
92
92
92
92
92
107
107
107
107
107
107
107
107
107
73
73
73
73
73
73
73
73
73
73
73
73
59
59
59
73
74
101
101
101
74
74
74
74
74
105
107
107
107
105
107
107
107
107
106
106
105
68
2
73
73
73
73
103
107
107
76
76
73
76
70
72
92
68
107
73
73
73
73
103
71
76
76
73
76
106
2
2
107
91
61
106
106
106
106
58
82
83
84
106
106
75
88
89
75
78
79
80
74
81
75
85
106
106
106
106
106
105
105
105
105
105
74
78
79
80
81
75
82
83
84
85
104
69
106
106
61
58
105
106
75
88
89
66
67
62
63
64
105
59
74
101
102
74
97
98
99
105
105
92
100
65
106
106
106
2
2
2
2
2
107
107
107
107
107
58
61
106
105
73
59
106
92
97
98
99
100
62
63
64
65
92
66
67
107
107
2
76
73
74
101
102
107
105
76
76
59
60
107
107
106
92
107
106
106
105
75
74
92
77
87
88
106
106
87
88
101
106
101
106
105
2
107
