387 1 
388 1 
467 57 
469 134 133 
478 248 
482 254 
484 257 
486 260 
489 263 
492 267 
494 162 172 188 199 
501 274 
505 280 
507 283 
509 286 
511 289 
513 293 
515 296 
517 299 
519 303 
528 150 184 228 240 
535 307 
537 310 
539 313 
541 316 
543 319 
545 322 
547 325 
549 328 
551 331 
553 334 
556 337 
559 343 
561 346 
563 349 
565 352 
567 355 
569 358 
571 361 
573 364 
575 183 182 185 186 
578 210 152 218 230 
582 15 
585 5 
590 1 
593 5 
596 5 
599 289 
604 299 
609 303 
614 38 
625 15 
628 12 9 
632 12 9 
636 38 
641 245 
642 248 
643 251 
644 251 
651 254 
657 106 
660 257 
666 260 
672 263 
673 267 
674 106 
676 18 
682 18 
688 382 263 
689 18 
695 18 
700 382 267 
705 271 
706 274 
707 277 
708 277 
715 280 
721 283 
727 286 
733 289 
734 293 
742 296 
748 299 
749 303 
750 367 
758 307 
759 310 
762 313 
768 316 
774 319 
780 322 
786 325 
794 328 
800 331 
806 334 
812 337 
813 340 
814 340 
821 343 
827 346 
833 349 
839 352 
845 355 
853 358 
859 361 
865 364 
871 367 
881 467 585 
882 528 
883 578 
884 575 
885 494 
886 528 578 
887 575 494 
889 590 
945 657 
957 688 
1028 382 641 
1029 382 705 
1109 469 596 
1110 242 593 
1111 625 
1112 242 593 
1113 469 596 
1114 625 
1115 871 
1116 590 
1119 628 
1125 682 
1132 628 
1136 682 
1141 628 
1147 682 
1154 632 
1160 676 
1167 700 614 
1174 700 614 
1175 682 
1182 676 
1189 657 
1194 676 
1199 682 
1206 689 
1211 695 
1218 750 
1222 1028 
1227 632 
1233 676 
1240 632 
1244 676 
1249 689 
1256 689 
1263 695 
1270 689 
1277 689 
1284 700 
1287 614 
1290 666 
1293 660 
1296 651 
1299 614 
1302 644 
1305 700 
1308 614 
1311 614 
1314 666 
1317 660 
1320 651 
1323 644 
1326 609 
1329 604 
1332 742 
1335 599 
1338 727 
1341 721 
1344 715 
1347 734 
1350 708 
1353 609 
1356 604 
1359 742 
1362 734 
1365 599 
1368 727 
1371 721 
1374 715 
1377 708 
1380 806 
1383 800 
1386 794 
1389 786 
1392 780 
1395 774 
1398 768 
1401 762 
1404 806 
1407 800 
1410 794 
1413 780 
1416 774 
1419 768 
1422 762 
1425 786 
1428 636 
1431 636 
1434 865 
1437 859 
1440 853 
1443 845 
1446 839 
1449 833 
1452 827 
1455 821 
1458 814 
1461 865 
1464 859 
1467 853 
1470 839 
1473 833 
1476 827 
1479 821 
1482 845 
1485 814 
1489 1109 
1490 1116 
1537 957 614 
1551 614 957 
1649 1029 636 
1703 957 
1708 957 614 
1713 957 
1721 614 957 
1758 1029 
1781 163 1116 
1782 170 1125 
1783 1125 
1789 1136 
1793 169 1125 
1794 168 1125 
1795 167 1125 
1796 166 1136 
1797 165 1136 
1798 164 1136 
1799 1147 
1805 1160 
1811 177 1147 
1812 176 1147 
1813 175 1147 
1814 174 1147 
1815 173 1147 
1816 157 1160 
1817 156 1160 
1818 155 1160 
1819 154 1160 
1820 153 1160 
1821 1284 
1822 1287 
1828 1290 
1829 1293 
1830 1296 
1832 1299 
1833 1302 
1834 1305 
1835 1308 
1839 1311 
1840 1314 
1841 1317 
1842 1320 
1843 1323 
1845 1175 
1851 1182 
1857 181 1175 
1858 171 1175 
1859 180 1175 
1860 179 1175 
1861 178 1175 
1862 161 1182 
1863 151 1182 
1864 160 1182 
1865 159 1182 
1866 158 1182 
1867 1326 
1868 1329 
1869 1332 
1870 1335 
1871 1338 
1872 1341 
1873 1344 
1874 1347 
1875 1350 
1876 1353 
1877 1356 
1878 1359 
1879 1362 
1880 1365 
1881 1368 
1882 1371 
1883 1374 
1884 1377 
1885 1199 
1892 1194 
1899 1199 
1906 1194 
1913 1211 
1919 1194 
1926 44 1211 
1927 41 1211 
1928 29 1211 
1929 26 1211 
1930 23 1211 
1931 1380 
1932 1383 
1933 1386 
1934 1389 
1935 1392 
1936 1395 
1937 1398 
1938 1401 
1939 1404 
1940 1407 
1941 1410 
1942 1413 
1943 1416 
1944 1419 
1945 1422 
1946 1425 
1947 1233 
1953 1244 
1957 209 1233 
1958 216 1233 
1959 215 1233 
1960 214 1233 
1961 213 1244 
1962 212 1244 
1963 211 1244 
1965 1428 
1966 1222 636 
1967 1431 
1968 1434 
1969 1437 
1970 1440 
1971 1443 
1972 1446 
1973 1449 
1974 1452 
1975 1455 
1976 1458 
1977 1249 
1983 1256 
1989 642 1249 
1990 644 1249 
1991 651 1249 
1992 674 1249 
1993 660 1249 
1994 666 1256 
1995 672 1256 
1996 673 1256 
1997 1263 
2003 1194 
2010 47 1263 
2011 35 1263 
2012 32 1263 
2013 50 1263 
2014 66 1263 
2015 1461 
2016 1464 
2017 1467 
2018 1470 
2019 1473 
2020 1476 
2021 1479 
2022 1482 
2023 1485 
2024 1206 
2031 1206 
2038 1206 
2045 1206 
2052 1270 
2058 1277 
2064 706 1270 
2065 708 1270 
2066 715 1270 
2067 721 1270 
2068 727 1270 
2069 733 1277 
2070 734 1277 
2071 742 1277 
2072 748 1277 
2073 749 1277 
2074 1189 
2081 1189 
2086 1222 
2107 1287 1821 
2108 1284 1822 
2110 1703 
2111 1703 1832 
2112 1308 1834 
2113 1305 1835 
2114 1713 
2115 1713 1839 
2117 1721 
2171 1758 
2172 1758 1965 
2230 1708 
2231 1537 
2235 1551 
2239 1783 1782 
2240 1783 1125 
2241 1783 1793 
2242 1783 1794 
2243 1783 1795 
2244 1789 1796 
2245 1789 1797 
2246 1789 1798 
2247 1799 1811 
2248 1799 1812 
2249 1799 1813 
2250 1799 1814 
2251 1799 1815 
2252 1805 1816 
2253 1805 1817 
2254 1805 1818 
2255 1805 1819 
2256 1805 1820 
2257 2107 2108 
2267 2074 
2268 1299 2110 
2269 2112 2113 
2274 1311 2114 
2275 2081 
2277 141 1845 
2278 147 1845 
2279 138 1845 
2280 144 1845 
2281 135 1845 
2282 141 1851 
2283 147 1851 
2284 138 1851 
2285 144 1851 
2286 135 1851 
2287 1885 
2293 1892 
2299 103 1885 
2300 130 1885 
2301 127 1885 
2302 124 1885 
2303 100 1885 
2304 103 1892 
2305 130 1892 
2306 127 1892 
2307 124 1892 
2308 100 1892 
2309 1899 
2315 1906 
2321 115 1899 
2322 118 1899 
2323 97 1899 
2324 94 1899 
2325 121 1899 
2326 115 1906 
2327 118 1906 
2328 97 1906 
2329 94 1906 
2330 121 1906 
2331 1919 
2337 208 1913 
2338 198 1913 
2339 207 1913 
2340 206 1913 
2341 205 1913 
2342 44 1919 
2343 41 1919 
2344 29 1919 
2345 26 1919 
2346 23 1919 
2347 1947 1233 
2348 1947 1957 
2349 1947 1958 
2350 1947 1959 
2351 1947 1960 
2352 1953 1961 
2353 1953 1962 
2354 1953 1963 
2355 1428 2171 
2356 2086 
2357 2086 1967 
2358 114 1977 
2359 113 1977 
2360 111 1977 
2361 87 1977 
2362 112 1977 
2363 88 1983 
2364 245 1983 
2365 271 1983 
2366 759 1983 
2367 70 1983 
2368 2003 
2374 193 1997 
2375 192 1997 
2376 191 1997 
2377 190 1997 
2378 189 1997 
2379 47 2003 
2380 35 2003 
2381 32 2003 
2382 50 2003 
2383 66 2003 
2384 2024 
2390 2031 
2396 58 2024 
2397 77 2024 
2398 78 2024 
2399 59 2024 
2400 81 2024 
2401 80 2031 
2402 79 2031 
2403 60 2031 
2404 61 2031 
2405 62 2031 
2406 2038 
2412 2045 
2418 69 2038 
2419 70 2038 
2420 74 2038 
2421 76 2038 
2422 75 2038 
2423 73 2045 
2424 53 2045 
2425 54 2045 
2426 55 2045 
2427 56 2045 
2428 82 2052 
2429 65 2052 
2430 83 2052 
2431 84 2052 
2432 85 2052 
2433 64 2058 
2434 63 2058 
2435 86 2058 
2436 109 2058 
2437 110 2058 
2441 2239 1119 
2442 2240 1119 
2446 2241 1119 
2450 2242 1119 
2454 2243 1119 
2458 2244 1132 
2462 2247 1141 
2466 2248 1141 
2470 2249 1141 
2474 2250 1141 
2478 2251 1141 
2482 2252 1154 
2488 2253 1154 
2496 2254 1154 
2502 2255 1154 
2508 2256 1154 
2523 2268 2111 
2533 2274 2115 
2537 2235 
2538 2278 1858 
2542 2279 1859 
2546 2280 1860 
2550 2281 1861 
2554 2283 1863 
2561 2284 1864 
2567 2285 1865 
2573 2286 1866 
2604 2338 1927 
2607 2339 1928 
2611 2340 1929 
2615 2341 1930 
2619 2348 1227 
2626 2349 1227 
2632 2350 1227 
2638 2351 1227 
2644 2352 1240 
2650 2355 2172 
2653 1431 2356 
2654 2359 1990 
2658 2360 1991 
2662 2361 1992 
2666 2362 1993 
2670 2363 1994 
2674 2366 1256 
2680 2367 1256 
2688 2374 2010 
2692 2375 2011 
2696 2376 2012 
2700 2377 2013 
2704 2378 2014 
2728 2347 1227 
2729 2429 2065 
2733 2430 2066 
2737 2431 2067 
2741 2432 2068 
2745 2433 2069 
2749 2434 2070 
2753 2435 2071 
2757 2436 2072 
2761 2437 2073 
2765 2231 
2766 2354 1240 
2769 2353 1240 
2772 2246 1132 
2775 2245 1132 
2778 2282 1862 
2781 2358 1989 
2784 2365 1996 
2787 2364 1995 
2790 2337 1926 
2793 2277 1857 
2796 2428 2064 
2866 2257 1537 
2867 2257 1537 
2868 2257 1537 
2869 2257 1537 
2878 2269 1551 
2913 204 2287 
2914 203 2287 
2915 202 2287 
2916 201 2287 
2917 200 2287 
2918 235 2293 
2919 234 2293 
2920 233 2293 
2921 232 2293 
2922 231 2293 
2923 197 2309 
2924 187 2309 
2925 196 2309 
2926 195 2309 
2927 194 2309 
2928 227 2315 
2929 217 2315 
2930 226 2315 
2931 225 2315 
2932 224 2315 
2933 239 2331 
2934 229 2331 
2935 238 2331 
2936 237 2331 
2937 236 2331 
2988 2653 2357 
3005 223 2368 
3006 222 2368 
3007 221 2368 
3008 220 2368 
3009 219 2368 
3020 812 2384 
3021 814 2384 
3022 821 2384 
3023 827 2384 
3024 833 2384 
3025 839 2390 
3026 845 2390 
3027 853 2390 
3028 859 2390 
3029 865 2390 
3032 758 2406 
3033 759 2406 
3034 762 2406 
3035 768 2406 
3036 774 2406 
3037 780 2412 
3038 786 2412 
3039 794 2412 
3040 800 2412 
3041 806 2412 
3061 2257 
3064 2257 
3067 2269 
3070 2269 
3073 2728 
3080 2441 
3096 666 2644 
3097 660 2638 
3101 1189 2632 
3107 651 2626 
3114 644 2619 
3122 2523 2257 
3126 1167 2866 
3130 2523 2257 
3131 1167 2869 
3134 2523 2257 
3135 2533 
3136 666 2644 
3137 660 2638 
3140 1189 2632 
3144 651 2626 
3149 644 2619 
3155 2533 2269 
3159 1174 2878 
3167 2778 
3168 609 2508 
3169 604 2502 
3173 742 2496 
3178 734 2488 
3184 599 2482 
3185 727 2573 
3189 721 2567 
3195 715 2561 
3202 708 2554 
3210 609 2508 
3211 604 2502 
3215 742 2496 
3221 2488 734 
3228 599 2482 
3229 727 2573 
3232 721 2567 
3236 715 2561 
3241 708 2554 
3247 2913 2299 
3251 2914 2300 
3255 2915 2301 
3259 2916 2302 
3263 2917 2303 
3267 2918 2304 
3273 2919 2305 
3281 2920 2306 
3287 2921 2307 
3293 2922 2308 
3299 2924 2322 
3303 2925 2323 
3307 2926 2324 
3311 2927 2325 
3315 2929 2327 
3322 2930 2328 
3328 2931 2329 
3334 2932 2330 
3340 2934 2343 
3343 2935 2344 
3349 2936 2345 
3355 2937 2346 
3361 2761 2478 
3362 2757 2474 
3363 2753 2470 
3364 2749 2466 
3365 2745 2462 
3366 2741 2550 
3367 2737 2546 
3368 2733 2542 
3369 2729 2538 
3370 2670 2458 
3371 2666 2454 
3372 2662 2450 
3373 2658 2446 
3374 2654 2442 
3375 2988 2650 
3379 2650 1966 
3380 2781 
3381 695 2604 
3384 3005 2379 
3390 3006 2380 
3398 3007 2381 
3404 3008 2382 
3410 3009 2383 
3416 3021 2397 
3420 3022 2398 
3424 3023 2399 
3428 3024 2400 
3432 3025 2401 
3436 3026 2402 
3440 3027 2403 
3444 3028 2404 
3448 3029 2405 
3452 2790 
3453 2793 
3454 3034 2420 
3458 3035 2421 
3462 3036 2422 
3466 3037 2423 
3470 3038 2424 
3474 3039 2425 
3478 3040 2426 
3482 3041 2427 
3486 2796 
3487 2644 
3490 2638 
3493 2632 
3496 2626 
3499 2619 
3502 2523 
3507 1167 2868 
3510 2523 
3515 644 2619 
3518 2644 
3521 2638 
3524 2632 
3527 2626 
3530 2619 
3535 2619 
3539 2632 
3542 2626 
3545 2644 
3548 2638 
3551 2766 
3552 2769 
3553 2442 
3557 2450 
3560 2446 
3563 2458 
3566 2454 
3569 2772 
3570 2775 
3571 2554 
3574 2567 
3577 2561 
3580 2482 
3583 2573 
3586 2496 
3589 2488 
3592 2508 
3595 2502 
3598 2508 
3601 2502 
3604 2496 
3607 2482 
3610 2573 
3613 2567 
3616 2561 
3619 2488 
3622 2554 
3625 734 2488 
3628 708 2554 
3631 2508 
3634 2502 
3637 2496 
3640 2488 
3643 2482 
3646 2573 
3649 2567 
3652 2561 
3655 2554 
3658 2488 734 
3661 2674 
3664 2674 
3667 2761 
3670 2478 
3673 2757 
3676 2474 
3679 2753 
3682 2470 
3685 2745 
3688 2462 
3691 2741 
3694 2550 
3697 2737 
3700 2546 
3703 2733 
3706 2542 
3709 2749 
3712 2466 
3715 2729 
3718 2538 
3721 2704 
3724 2700 
3727 2696 
3730 2688 
3733 2692 
3736 2670 
3739 2458 
3742 2666 
3745 2454 
3748 2662 
3751 2450 
3754 2658 
3757 2446 
3760 2654 
3763 2442 
3766 2654 
3769 2662 
3772 2658 
3775 2670 
3778 2666 
3781 2784 
3782 2787 
3783 2928 2326 
3786 2933 2342 
3789 2923 2321 
3792 2688 
3795 2696 
3798 2692 
3801 2704 
3804 2700 
3807 2604 
3810 2611 
3813 2607 
3816 2615 
3819 2538 
3822 2546 
3825 2542 
3828 2462 
3831 2550 
3834 2470 
3837 2466 
3840 2478 
3843 2474 
3846 2615 
3849 2611 
3852 2607 
3855 2680 
3858 2729 
3861 2737 
3864 2733 
3867 2745 
3870 2741 
3873 2753 
3876 2749 
3879 2761 
3882 2757 
3885 3033 2419 
3888 3032 2418 
3891 3020 2396 
3953 3067 2117 
3954 3067 
3955 3070 2537 
3956 3070 
3958 3073 
3964 3080 
4193 1649 3379 
4303 1167 2867 3130 
4308 3061 
4313 3064 
4326 2769 3551 
4327 2766 3552 
4333 2775 3569 
4334 2772 3570 
4411 2787 3781 
4412 2784 3782 
4463 3487 1828 
4464 3487 
4465 3490 1829 
4466 3490 
4467 3493 2267 
4468 3493 
4469 3496 1830 
4470 3496 
4471 3499 1833 
4472 3499 
4473 3122 
4474 3126 
4475 3518 1840 
4476 3518 
4477 3521 1841 
4478 3521 
4479 3524 2275 
4480 3524 
4481 3527 1842 
4482 3527 
4483 3530 1843 
4484 3530 
4485 3155 
4486 3159 
4487 1721 3954 
4488 2235 3956 
4489 3535 
4490 3535 3958 
4491 3539 
4492 3542 
4493 3545 
4494 3548 
4495 3553 
4496 3553 3964 
4497 3557 
4498 3560 
4499 3563 
4500 3566 
4501 3571 
4502 3571 3167 
4503 3574 
4504 3577 
4505 3580 
4506 3583 
4507 3598 1867 
4508 3598 
4509 3601 1868 
4510 3601 
4511 3604 1869 
4512 3604 
4513 3607 1870 
4514 3607 
4515 3610 1871 
4516 3610 
4517 3613 1872 
4518 3613 
4519 3616 1873 
4520 3616 
4521 3619 1874 
4522 3619 
4523 3622 1875 
4524 3622 
4525 3631 1876 
4526 3631 
4527 3634 1877 
4528 3634 
4529 3637 1878 
4530 3637 
4531 3640 1879 
4532 3640 
4533 3643 1880 
4534 3643 
4535 3646 1881 
4536 3646 
4537 3649 1882 
4538 3649 
4539 3652 1883 
4540 3652 
4541 3655 1884 
4542 3655 
4543 3658 
4544 806 3293 
4545 800 3287 
4549 794 3281 
4555 3273 786 
4562 780 3267 
4563 774 3355 
4566 768 3349 
4570 762 3343 
4575 3661 
4576 806 3293 
4577 800 3287 
4581 794 3281 
4586 786 3273 
4592 780 3267 
4593 774 3355 
4597 768 3349 
4603 762 3343 
4610 3664 
4611 3667 
4612 3670 
4613 3673 
4614 3676 
4615 3679 
4616 3682 
4617 3685 
4618 3688 
4619 3691 
4620 3694 
4621 3697 
4622 3700 
4623 3703 
4624 3706 
4625 3709 
4626 3712 
4627 3715 
4628 3718 
4629 3721 
4630 3448 2704 
4631 3724 
4632 3444 2700 
4633 3727 
4634 3440 2696 
4635 3436 2692 
4636 3730 
4637 3432 2688 
4638 3428 3311 
4639 3424 3307 
4640 3420 3303 
4641 3416 3299 
4642 3733 
4643 3736 
4644 3739 
4645 3742 
4646 3745 
4647 3748 
4648 3751 
4649 3754 
4650 3757 
4651 3760 
4652 3763 
4653 3375 
4656 865 3410 
4657 859 3404 
4661 853 3398 
4667 3390 845 
4674 839 3384 
4675 833 3334 
4678 827 3328 
4682 821 3322 
4687 814 3315 
4693 3766 
4694 3766 3380 
4695 3769 
4696 3772 
4697 3775 
4698 3778 
4699 3783 
4700 3786 
4701 865 3410 
4702 859 3404 
4706 853 3398 
4711 845 3390 
4717 839 3384 
4718 833 3334 
4722 827 3328 
4728 821 3322 
4735 814 3315 
4743 3789 
4744 3792 
4745 3807 
4746 3807 3452 
4747 3810 
4748 3813 
4749 3816 
4750 3819 
4751 3819 3453 
4752 3822 
4753 3825 
4754 3828 
4755 3831 
4756 3482 3263 
4757 3478 3259 
4758 3474 3255 
4759 3470 3251 
4760 3466 3247 
4761 3846 
4762 3462 2615 
4763 3849 
4764 3458 2611 
4765 3852 
4766 3454 2607 
4767 2680 3381 
4768 3855 
4769 3340 695 
4775 3858 
4776 3858 3486 
4777 3861 
4778 3864 
4779 3867 
4780 3870 
4781 3885 
4782 3888 
4783 3891 
4784 3131 3134 
4789 3502 
4790 3131 
4793 3507 
4794 3510 
4795 3515 
4796 3114 
4799 3586 
4800 3589 
4801 3592 
4802 3595 
4803 4326 4327 
4806 4333 4334 
4809 3625 
4810 3178 
4813 3628 
4814 3202 
4817 3221 
4820 3293 
4823 3287 
4826 3281 
4829 3273 
4832 3267 
4835 3355 
4838 3349 
4841 3343 
4844 3273 786 
4847 3293 
4850 3287 
4853 3281 
4856 3267 
4859 3355 
4862 3349 
4865 3343 
4868 3273 
4871 786 3273 
4874 3448 
4877 3444 
4880 3440 
4883 3432 
4886 3428 
4889 3311 
4892 3424 
4895 3307 
4898 3420 
4901 3303 
4904 3436 
4907 3416 
4910 3299 
4913 3410 
4916 3404 
4919 3398 
4922 3390 
4925 3384 
4928 3334 
4931 3328 
4934 3322 
4937 3315 
4940 3390 845 
4943 3315 
4946 3328 
4949 3322 
4952 3384 
4955 3334 
4958 3398 
4961 3390 
4964 3410 
4967 3404 
4970 3340 
4973 3349 
4976 3343 
4979 3267 
4982 3355 
4985 3281 
4988 3273 
4991 3293 
4994 3287 
4997 4411 4412 
5000 3410 
5003 3404 
5006 3398 
5009 3384 
5012 3334 
5015 3328 
5018 3322 
5021 3390 
5024 3315 
5027 845 3390 
5030 814 3315 
5033 3299 
5036 3307 
5039 3303 
5042 3311 
5045 3795 
5046 3798 
5047 3801 
5048 3804 
5049 3247 
5052 3255 
5055 3251 
5058 3263 
5061 3259 
5064 3834 
5065 3837 
5066 3840 
5067 3843 
5068 3482 
5071 3263 
5074 3478 
5077 3259 
5080 3474 
5083 3255 
5086 3466 
5089 3247 
5092 3462 
5095 3458 
5098 3454 
5101 3470 
5104 3251 
5107 3381 
5110 3873 
5111 3876 
5112 3879 
5113 3882 
5114 3458 
5117 3454 
5120 3466 
5123 3462 
5126 3474 
5129 3470 
5132 3482 
5135 3478 
5138 3416 
5141 3424 
5144 3420 
5147 3432 
5150 3428 
5153 3440 
5156 3436 
5159 3448 
5162 3444 
5165 4486 4485 
5166 4474 4473 
5167 1290 4464 
5168 1293 4466 
5169 2074 4468 
5170 1296 4470 
5171 1302 4472 
5172 1314 4476 
5173 1317 4478 
5174 2081 4480 
5175 1320 4482 
5176 1323 4484 
5177 3953 4487 
5178 3955 4488 
5179 3073 4489 
5180 3542 4491 
5181 3539 4492 
5182 3548 4493 
5183 3545 4494 
5184 3080 4495 
5185 3560 4497 
5186 3557 4498 
5187 3566 4499 
5188 3563 4500 
5189 2778 4501 
5190 3577 4503 
5191 3574 4504 
5192 3583 4505 
5193 3580 4506 
5196 1326 4508 
5197 1329 4510 
5198 1332 4512 
5199 1335 4514 
5200 1338 4516 
5201 1341 4518 
5202 1344 4520 
5203 1347 4522 
5204 1350 4524 
5205 1353 4526 
5206 1356 4528 
5207 1359 4530 
5208 1362 4532 
5209 1365 4534 
5210 1368 4536 
5211 1371 4538 
5212 1374 4540 
5213 1377 4542 
5283 3670 4611 
5284 3667 4612 
5285 3676 4613 
5286 3673 4614 
5287 3682 4615 
5288 3679 4616 
5289 3688 4617 
5290 3685 4618 
5291 3694 4619 
5292 3691 4620 
5293 3700 4621 
5294 3697 4622 
5295 3706 4623 
5296 3703 4624 
5297 3712 4625 
5298 3709 4626 
5299 3718 4627 
5300 3715 4628 
5314 3739 4643 
5315 3736 4644 
5316 3745 4645 
5317 3742 4646 
5318 3751 4647 
5319 3748 4648 
5320 3757 4649 
5321 3754 4650 
5322 3763 4651 
5323 3760 4652 
5324 4193 
5363 2781 4693 
5364 3772 4695 
5365 3769 4696 
5366 3778 4697 
5367 3775 4698 
5425 2790 4745 
5426 3813 4747 
5427 3810 4748 
5429 2793 4750 
5430 3825 4752 
5431 3822 4753 
5432 3831 4754 
5433 3828 4755 
5451 2796 4775 
5452 3864 4777 
5453 3861 4778 
5454 3870 4779 
5455 3867 4780 
5456 3888 4781 
5457 3885 4782 
5469 4303 
5474 3589 4799 
5475 3586 4800 
5476 3595 4801 
5477 3592 4802 
5571 3798 5045 
5572 3795 5046 
5573 3804 5047 
5574 3801 5048 
5584 3837 5064 
5585 3834 5065 
5586 3843 5066 
5587 3840 5067 
5602 3876 5110 
5603 3873 5111 
5604 3882 5112 
5605 3879 5113 
5631 5324 4653 
5632 4463 5167 
5640 4465 5168 
5654 4467 5169 
5670 4469 5170 
5683 4471 5171 
5690 4475 5172 
5697 4477 5173 
5707 4479 5174 
5718 4481 5175 
5728 4483 5176 
5735 5177 
5736 5179 4490 
5740 5180 5181 
5744 5182 5183 
5747 5184 4496 
5751 5185 5186 
5755 5187 5188 
5758 5189 4502 
5762 5190 5191 
5766 5192 5193 
5769 4803 
5770 4806 
5771 4507 5196 
5778 4509 5197 
5789 4511 5198 
5799 4513 5199 
5807 4515 5200 
5821 4517 5201 
5837 4519 5202 
5850 4521 5203 
5856 4523 5204 
5863 4525 5205 
5870 4527 5206 
5881 4529 5207 
5892 4531 5208 
5898 4533 5209 
5905 4535 5210 
5915 4537 5211 
5926 4539 5212 
5936 4541 5213 
5943 4817 
5944 4820 1931 
5945 4820 
5946 4823 1932 
5947 4823 
5948 4826 1933 
5949 4826 
5950 4829 1934 
5951 4829 
5952 4832 1935 
5953 4832 
5954 4835 1936 
5955 4835 
5956 4838 1937 
5957 4838 
5958 4841 1938 
5959 4841 
5960 2674 4769 
5966 4844 
5967 4847 1939 
5968 4847 
5969 4850 1940 
5970 4850 
5971 4853 1941 
5972 4853 
5973 4856 1942 
5974 4856 
5975 4859 1943 
5976 4859 
5977 4862 1944 
5978 4862 
5979 4865 1945 
5980 4865 
5981 2674 4769 
5989 4868 1946 
5990 4868 
5991 5283 5284 
5996 5285 5286 
6000 5287 5288 
6003 5289 5290 
6009 5291 5292 
6014 5293 5294 
6018 5295 5296 
6021 5297 5298 
6022 5299 5300 
6023 4874 
6024 4874 4629 
6025 4877 
6026 4877 4631 
6027 4880 
6028 4880 4633 
6029 4883 
6030 4883 4636 
6031 4886 
6032 4889 
6033 4892 
6034 4895 
6035 4898 
6036 4901 
6037 4904 
6038 4904 4642 
6039 4907 
6040 4910 
6041 5314 5315 
6047 5316 5317 
6052 5318 5319 
6056 5320 5321 
6059 5322 5323 
6060 4913 1968 
6061 4913 
6062 4916 1969 
6063 4916 
6064 4919 1970 
6065 4919 
6066 4922 1971 
6067 4922 
6068 4925 1972 
6069 4925 
6070 4928 1973 
6071 4928 
6072 4931 1974 
6073 4931 
6074 4934 1975 
6075 4934 
6076 4937 1976 
6077 4937 
6078 4940 
6079 5363 4694 
6083 5364 5365 
6087 5366 5367 
6090 4943 
6091 4943 4699 
6092 4946 
6093 4949 
6094 4952 
6095 4955 
6096 4970 
6097 4970 4700 
6098 4973 
6099 4976 
6100 4979 
6101 4982 
6102 4997 
6103 5000 2015 
6104 5000 
6105 5003 2016 
6106 5003 
6107 5006 2017 
6108 5006 
6109 5009 2018 
6110 5009 
6111 5012 2019 
6112 5012 
6113 5015 2020 
6114 5015 
6115 5018 2021 
6116 5018 
6117 5021 2022 
6118 5021 
6119 5024 2023 
6120 5024 
6121 5033 
6122 5033 4743 
6123 5036 
6124 5039 
6125 5042 4744 
6126 5042 
6127 5425 4746 
6131 5426 5427 
6135 5049 
6136 5049 4749 
6137 5429 4751 
6141 5430 5431 
6145 5432 5433 
6148 5068 
6149 5071 
6150 5074 
6151 5077 
6152 5080 
6153 5083 
6154 5086 
6155 5089 
6156 5092 
6157 5092 4761 
6158 5095 
6159 5095 4763 
6160 5098 
6161 5098 4765 
6162 5101 
6163 5104 
6164 5107 4768 
6165 5107 
6166 5451 4776 
6170 5452 5453 
6174 5454 5455 
6177 5456 5457 
6181 5114 
6182 5117 
6183 5120 
6184 5123 
6185 5138 
6186 5138 4783 
6187 5141 
6188 5144 
6189 5147 
6190 5150 
6191 4784 
6192 4784 2230 
6193 4790 
6194 4790 2765 
6195 4796 
6196 5476 5477 
6199 5474 5475 
6202 4810 
6203 4814 
6204 4769 
6207 4555 
6210 4769 
6213 4871 
6214 4586 
6217 2674 4769 
6220 4667 
6223 4958 
6224 4961 
6225 4964 
6226 4967 
6227 4985 
6228 4988 
6229 4991 
6230 4994 
6231 5027 
6232 4711 
6235 5030 
6236 4735 
6239 5052 
6240 5055 
6241 5058 
6242 5061 
6243 5573 5574 
6246 5571 5572 
6249 5586 5587 
6252 5584 5585 
6255 5126 
6256 5129 
6257 5132 
6258 5135 
6259 5153 
6260 5156 
6261 5159 
6262 5162 
6263 5604 5605 
6266 5602 5603 
6540 1380 5945 
6541 1383 5947 
6542 1386 5949 
6543 1389 5951 
6544 1392 5953 
6545 1395 5955 
6546 1398 5957 
6547 1401 5959 
6555 1404 5968 
6556 1407 5970 
6557 1410 5972 
6558 1413 5974 
6559 1416 5976 
6560 1419 5978 
6561 1422 5980 
6569 1425 5990 
6594 3721 6023 
6595 3724 6025 
6596 3727 6027 
6597 3730 6029 
6598 4889 6031 
6599 4886 6032 
6600 4895 6033 
6601 4892 6034 
6602 4901 6035 
6603 4898 6036 
6604 3733 6037 
6605 4910 6039 
6606 4907 6040 
6621 1434 6061 
6622 1437 6063 
6623 1440 6065 
6624 1443 6067 
6625 1446 6069 
6626 1449 6071 
6627 1452 6073 
6628 1455 6075 
6629 1458 6077 
6639 3783 6090 
6640 4949 6092 
6641 4946 6093 
6642 4955 6094 
6643 4952 6095 
6644 3786 6096 
6645 4976 6098 
6646 4973 6099 
6647 4982 6100 
6648 4979 6101 
6649 1461 6104 
6650 1464 6106 
6651 1467 6108 
6652 1470 6110 
6653 1473 6112 
6654 1476 6114 
6655 1479 6116 
6656 1482 6118 
6657 1485 6120 
6658 3789 6121 
6659 5039 6123 
6660 5036 6124 
6661 3792 6126 
6668 3816 6135 
6677 5071 6148 
6678 5068 6149 
6679 5077 6150 
6680 5074 6151 
6681 5083 6152 
6682 5080 6153 
6683 5089 6154 
6684 5086 6155 
6685 3846 6156 
6686 3849 6158 
6687 3852 6160 
6688 5104 6162 
6689 5101 6163 
6690 3855 6165 
6702 5117 6181 
6703 5114 6182 
6704 5123 6183 
6705 5120 6184 
6706 3891 6185 
6707 5144 6187 
6708 5141 6188 
6709 5150 6189 
6710 5147 6190 
6711 1708 6191 
6712 2231 6193 
6729 4961 6223 
6730 4958 6224 
6731 4967 6225 
6732 4964 6226 
6733 4988 6227 
6734 4985 6228 
6735 4994 6229 
6736 4991 6230 
6741 5055 6239 
6742 5052 6240 
6743 5061 6241 
6744 5058 6242 
6751 5129 6255 
6752 5126 6256 
6753 5135 6257 
6754 5132 6258 
6755 5156 6259 
6756 5153 6260 
6757 5162 6261 
6758 5159 6262 
6761 5892 
6762 5683 5670 5654 5640 5632 
6766 5632 3097 
6767 5640 5632 3101 
6768 5654 5632 3107 5640 
6769 5670 5654 5632 3114 5640 
6770 5640 3101 
6771 5654 3107 5640 
6772 5670 5654 3114 5640 
6773 5683 5654 5640 5670 
6774 5640 3101 
6775 5654 3107 5640 
6776 5670 5654 3114 5640 
6777 5654 3107 
6778 5670 5654 3114 
6779 5683 5654 5670 
6780 5654 3107 
6781 5670 5654 3114 
6782 5670 3114 
6783 5683 5670 
6784 5697 5728 5707 5690 5718 
6787 5690 3137 
6788 5697 5690 3140 
6789 5707 5690 3144 5697 
6790 5718 5707 5690 3149 5697 
6791 5697 3140 
6792 5707 3144 5697 
6793 5718 5707 3149 5697 
6794 3144 5707 
6795 5718 5707 3149 
6796 5718 3149 
6797 5736 
6800 5740 
6803 5747 
6806 5751 
6809 5758 
6812 5762 
6815 5744 
6818 5744 
6821 5755 
6824 5755 
6827 5766 
6830 5766 
6833 5850 5789 5778 5771 
6836 5771 3169 
6837 5778 5771 3173 
6838 5789 5771 3178 5778 
6839 5778 3173 
6840 5789 3178 5778 
6841 5850 5789 5778 
6842 5778 3173 
6843 5789 3178 5778 
6844 5789 3178 
6845 5856 5837 5821 5807 5799 
6848 5799 3185 
6849 5807 5799 3189 
6850 5821 5799 3195 5807 
6851 5837 5821 5799 3202 5807 
6852 5807 3189 
6853 5821 3195 5807 
6854 5837 5821 3202 5807 
6855 5856 5821 5807 5837 
6856 5807 3189 
6857 5821 3195 5807 
6858 5837 5821 3202 5807 
6859 5821 3195 
6860 5837 5821 3202 
6861 5856 5821 5837 
6862 5821 3195 
6863 5837 5821 3202 
6864 5837 3202 
6865 5850 5789 
6866 5856 5837 
6867 5870 5892 5881 5863 
6870 5863 3211 
6871 5870 5863 3215 
6872 5881 5863 3221 5870 
6873 5870 3215 
6874 5881 3221 5870 
6875 5892 5881 5870 
6876 5870 3215 
6877 3221 5881 5870 
6878 5881 3221 
6879 5892 5881 
6880 5881 3221 
6881 5905 5936 5915 5898 5926 
6884 5898 3229 
6885 5905 5898 3232 
6886 5915 5898 3236 5905 
6887 5926 5915 5898 3241 5905 
6888 5905 3232 
6889 5915 3236 5905 
6890 5926 5915 3241 5905 
6891 3236 5915 
6892 5926 5915 3241 
6893 5926 3241 
6894 5944 6540 
6901 5946 6541 
6912 5948 6542 
6923 5950 6543 
6929 5952 6544 
6936 5954 6545 
6946 5956 6546 
6957 5958 6547 
6967 6204 4575 
6968 6204 
6969 6207 
6970 5967 6555 
6977 5969 6556 
6988 5971 6557 
6998 5973 6558 
7006 5975 6559 
7020 5977 6560 
7036 5979 6561 
7049 5989 6569 
7055 6210 4610 
7056 6210 
7057 6021 6000 5996 5991 
7060 5991 3362 
7061 5996 5991 3363 
7062 6000 5991 3364 5996 
7063 6022 6018 6014 6009 6003 
7064 6003 3366 
7065 6009 6003 3367 
7066 6014 6003 3368 6009 
7067 6018 6014 6003 3369 6009 
7068 6594 6024 
7073 6595 6026 
7077 6596 6028 
7080 6597 6030 
7086 6598 6599 
7091 6600 6601 
7095 6602 6603 
7098 6604 6038 
7099 6605 6606 
7100 6059 6056 6052 6047 6041 
7103 6041 3371 
7104 6047 6041 3372 
7105 6052 6041 3373 6047 
7106 6056 6052 6041 3374 6047 
7107 6060 6621 
7114 6062 6622 
7125 6064 6623 
7136 6066 6624 
7142 6068 6625 
7149 6070 6626 
7159 6072 6627 
7170 6074 6628 
7180 6076 6629 
7187 6220 
7188 6079 
7191 6083 
7194 6639 6091 
7198 6640 6641 
7202 6642 6643 
7205 6644 6097 
7209 6645 6646 
7213 6647 6648 
7216 6087 
7219 6087 
7222 6103 6649 
7229 6105 6650 
7240 6107 6651 
7250 6109 6652 
7258 6111 6653 
7272 6113 6654 
7288 6115 6655 
7301 6117 6656 
7307 6119 6657 
7314 6658 6122 
7318 6659 6660 
7322 6125 6661 
7325 6127 
7328 6131 
7331 6668 6136 
7334 6137 
7337 6141 
7340 6145 
7343 6145 
7346 6677 6678 
7351 6679 6680 
7355 6681 6682 
7358 6683 6684 
7364 6685 6157 
7369 6686 6159 
7373 6687 6161 
7376 6688 6689 
7377 6164 6690 
7378 6166 
7381 6170 
7384 6177 
7387 6702 6703 
7391 6704 6705 
7394 6706 6186 
7398 6707 6708 
7402 6709 6710 
7405 6174 
7408 6174 
7411 5936 
7414 5898 
7417 5905 
7420 5915 
7423 5926 
7426 5728 
7429 5690 
7432 5697 
7435 5707 
7438 5718 
7441 6192 6711 
7444 6194 6712 
7447 5683 
7450 5670 
7453 5632 
7456 5654 
7459 5640 
7462 5640 
7465 5683 
7468 5670 
7471 5632 
7474 5654 
7477 6196 
7478 6199 
7479 5850 
7482 5789 
7485 5771 
7488 5778 
7491 5850 
7494 5789 
7497 5771 
7500 5778 
7503 5856 
7506 5837 
7509 5799 
7512 5821 
7515 5807 
7518 5807 
7521 5856 
7524 5837 
7527 5799 
7530 5821 
7533 5863 
7536 5863 
7539 5870 
7542 5870 
7545 5881 
7548 5881 
7551 6214 
7552 6217 
7553 5981 
7556 6249 
7557 6252 
7558 6243 
7559 6246 
7560 6731 6732 
7563 6729 6730 
7566 6735 6736 
7569 6733 6734 
7572 6232 
7573 6236 
7574 6743 6744 
7577 6741 6742 
7580 6263 
7581 6266 
7582 6753 6754 
7585 6751 6752 
7588 6757 6758 
7591 6755 6756 
7609 3096 6766 6767 6768 6769 
7613 3107 6782 
7620 3136 6787 6788 6789 6790 
7649 3168 6836 6837 6838 
7650 3173 6844 
7655 3184 6848 6849 6850 6851 
7659 3195 6864 
7668 3210 6870 6871 6872 
7671 3228 6884 6885 6886 6887 
7744 3661 6968 
7822 3664 7056 
7825 3361 7060 7061 7062 
7826 3365 7064 7065 7066 7067 
7852 3370 7103 7104 7105 7106 
8114 3101 6777 6778 6779 
8117 3097 6770 6771 6772 6773 
8131 3101 6780 6781 
8134 3097 6774 6775 6776 
8144 6199 7477 
8145 6196 7478 
8146 3169 6839 6840 6841 
8156 3169 6842 6843 
8166 3189 6859 6860 6861 
8169 3185 6852 6853 6854 6855 
8183 3189 6862 6863 
8186 3185 6856 6857 6858 
8196 3211 6873 6874 6875 
8200 3211 6876 6877 
8204 3215 6878 6879 
8208 3215 6880 
8216 6252 7556 
8217 6249 7557 
8218 6246 7558 
8219 6243 7559 
8232 6266 7580 
8233 6263 7581 
8242 7411 
8243 7414 
8244 7417 
8245 7420 
8246 7423 
8247 7426 
8248 7429 
8249 7432 
8250 7435 
8251 7438 
8252 7136 
8253 6923 
8254 6762 
8260 7459 
8261 7462 
8262 3122 6762 
8269 3155 6784 
8274 6815 
8275 6818 
8276 6821 
8277 6824 
8278 6827 
8279 6830 
8280 5740 5736 6815 
8281 6800 6797 6818 
8282 5751 5747 6821 
8283 6806 6803 6824 
8284 5762 5758 6827 
8285 6812 6809 6830 
8288 6845 
8294 7488 
8295 7500 
8296 7515 
8297 7518 
8298 6833 6845 
8307 6867 6881 
8315 7533 
8317 7536 
8319 7539 
8321 7542 
8322 7545 4543 
8323 7545 
8324 7548 5943 
8325 7548 
8326 6967 7744 
8333 6901 6923 6912 6894 
8337 6894 4545 
8338 6901 6894 4549 
8339 6912 6894 4555 6901 
8340 6901 4549 
8341 6912 4555 6901 
8342 6923 6912 6901 
8343 6901 4549 
8344 4555 6912 6901 
8345 6912 4555 
8346 6923 6912 
8347 6912 4555 
8348 6929 4563 
8349 6936 6929 4566 
8350 6946 6929 4570 6936 
8351 6957 6946 6929 5960 6936 
8352 6936 4566 
8353 6946 4570 6936 
8354 6957 6946 5960 6936 
8355 4570 6946 
8356 6957 6946 5960 
8357 6957 5960 
8358 7055 7822 
8365 7049 6988 6977 6970 
8369 6970 4577 
8370 6977 6970 4581 
8371 6988 6970 4586 6977 
8372 6977 4581 
8373 6988 4586 6977 
8374 7049 6988 6977 
8375 6977 4581 
8376 6988 4586 6977 
8377 6988 4586 
8378 6998 4593 
8379 7006 6998 4597 
8380 7020 6998 4603 7006 
8381 7036 7020 6998 5981 7006 
8382 7006 4597 
8383 7020 4603 7006 
8384 7036 7020 5981 7006 
8385 7006 4597 
8386 7020 4603 7006 
8387 7036 7020 5981 7006 
8388 7020 4603 
8389 7036 7020 5981 
8390 7020 4603 
8391 7036 7020 5981 
8392 7036 5981 
8393 7049 6988 
8394 7057 7063 
8404 7057 7826 
8405 7098 7077 7073 7068 
8409 7068 4632 
8410 7073 7068 4634 
8411 7077 7068 4635 7073 
8412 7099 7095 7091 7086 7080 
8415 7080 4638 
8416 7086 7080 4639 
8417 7091 7080 4640 7086 
8418 7095 7091 7080 4641 7086 
8421 3375 7100 
8430 7114 7136 7125 7107 
8433 7107 4657 
8434 7114 7107 4661 
8435 7125 7107 4667 7114 
8436 7114 4661 
8437 7125 4667 7114 
8438 7136 7125 7114 
8439 7114 4661 
8440 4667 7125 7114 
8441 7125 4667 
8442 7136 7125 
8443 7125 4667 
8444 7149 7180 7159 7142 7170 
8447 7142 4675 
8448 7149 7142 4678 
8449 7159 7142 4682 7149 
8450 7170 7159 7142 4687 7149 
8451 7149 4678 
8452 7159 4682 7149 
8453 7170 7159 4687 7149 
8454 4682 7159 
8455 7170 7159 4687 
8456 7170 4687 
8457 7194 
8460 7198 
8463 7205 
8466 7209 
8469 7216 
8470 7219 
8471 7202 
8474 7202 
8477 7213 
8480 7213 
8483 6083 6079 7216 
8484 7191 7188 7219 
8485 7301 7240 7229 7222 
8488 7222 4702 
8489 7229 7222 4706 
8490 7240 7222 4711 7229 
8491 7229 4706 
8492 7240 4711 7229 
8493 7301 7240 7229 
8494 7229 4706 
8495 7240 4711 7229 
8496 7240 4711 
8497 7307 7288 7272 7258 7250 
8500 7250 4718 
8501 7258 7250 4722 
8502 7272 7250 4728 7258 
8503 7288 7272 7250 4735 7258 
8504 7258 4722 
8505 7272 4728 7258 
8506 7288 7272 4735 7258 
8507 7307 7272 7258 7288 
8508 7258 4722 
8509 7272 4728 7258 
8510 7288 7272 4735 7258 
8511 7272 4728 
8512 7288 7272 4735 
8513 7307 7272 7288 
8514 7272 4728 
8515 7288 7272 4735 
8516 7288 4735 
8517 7301 7240 
8518 7307 7288 
8519 7314 
8522 7318 
8525 7322 
8528 7322 
8531 7331 
8534 7331 
8537 7340 
8538 7343 
8539 6141 6137 7340 
8540 7337 7334 7343 
8541 7376 7355 7351 7346 
8545 7346 4757 
8546 7351 7346 4758 
8547 7355 7346 4759 7351 
8548 7377 7373 7369 7364 7358 
8551 7358 4762 
8552 7364 7358 4764 
8553 7369 7358 4766 7364 
8554 7373 7369 7358 4767 7364 
8555 7387 
8558 7394 
8561 7398 
8564 7405 
8565 7408 
8566 7391 
8569 7391 
8572 7402 
8575 7402 
8578 6170 6166 7405 
8579 7381 7378 7408 
8580 7180 
8583 7142 
8586 7149 
8589 7159 
8592 7170 
8595 6929 
8598 6936 
8601 6946 
8604 6957 
8607 7441 
8608 7441 5469 
8609 7444 
8610 7444 4793 
8615 7447 
8616 7450 
8617 7453 
8618 7456 
8619 7474 
8624 7465 
8625 7468 
8626 7471 
8627 8144 8145 
8632 7479 
8633 7482 
8634 7485 
8637 7491 
8638 7494 
8639 7497 
8644 7503 
8645 7506 
8646 7509 
8647 7512 
8648 7530 
8653 7521 
8654 7524 
8655 7527 
8660 6894 
8663 6894 
8666 6901 
8669 6901 
8672 6912 
8675 6912 
8678 7049 
8681 6988 
8684 6970 
8687 6977 
8690 7049 
8693 6988 
8696 6970 
8699 6977 
8702 7036 
8705 6998 
8708 7020 
8711 7006 
8714 7006 
8717 7553 
8718 7036 
8721 6998 
8724 7020 
8727 8216 8217 
8730 8218 8219 
8733 7574 
8734 7577 
8735 7107 
8738 7107 
8741 7114 
8744 7114 
8747 7125 
8750 7125 
8753 7560 
8754 7563 
8755 7566 
8756 7569 
8757 7301 
8760 7240 
8763 7222 
8766 7229 
8769 7301 
8772 7240 
8775 7222 
8778 7229 
8781 7307 
8784 7288 
8787 7250 
8790 7272 
8793 7258 
8796 7258 
8799 7307 
8802 7288 
8805 7250 
8808 7272 
8811 8232 8233 
8814 7588 
8815 7591 
8816 7582 
8817 7585 
8818 7620 3155 
8840 3122 7609 
8857 7609 
8861 6797 5740 8274 
8862 5736 6800 8275 
8863 6803 5751 8276 
8864 5747 6806 8277 
8865 6809 5762 8278 
8866 5758 6812 8279 
8871 7655 
8874 6833 7655 
8878 7671 6867 
8879 8196 
8880 8196 8315 
8881 8200 
8882 8200 8317 
8883 8204 
8884 8204 8319 
8885 8208 
8886 8208 8321 
8887 3658 8323 
8888 4817 8325 
8898 4544 8337 8338 8339 
8902 4562 8348 8349 8350 8351 
8920 4576 8369 8370 8371 
8924 4581 8377 
8927 4592 8378 8379 8380 8381 
8931 4603 8392 
8943 7825 8404 
8950 4630 8409 8410 8411 
8956 4637 8415 8416 8417 8418 
8959 7852 
8960 3375 7852 
8963 4656 8433 8434 8435 
8966 4674 8447 8448 8449 8450 
8991 7188 6083 8469 
8992 6079 7191 8470 
8995 4701 8488 8489 8490 
8996 4706 8496 
9001 4717 8500 8501 8502 8503 
9005 4728 8516 
9024 7334 6141 8537 
9025 6137 7337 8538 
9029 4756 8545 8546 8547 
9035 4760 8551 8552 8553 8554 
9053 7378 6170 8564 
9054 6166 7381 8565 
9064 4303 8607 
9065 3507 8609 
9066 8114 
9067 8114 4795 
9068 7613 6783 
9071 8117 
9072 8131 
9073 8131 6195 
9074 7613 
9077 8134 
9079 7650 6865 
9082 8146 
9083 7650 
9086 8156 
9087 8166 
9088 8166 4813 
9089 7659 6866 
9092 8169 
9093 8183 
9094 8183 6203 
9095 7659 
9098 8186 
9099 4545 8340 8341 8342 
9103 4545 8343 8344 
9107 4549 8345 8346 
9111 4549 8347 
9117 4577 8372 8373 8374 
9127 4577 8375 8376 
9146 4597 8390 8391 
9149 4593 8385 8386 8387 
9159 7577 8733 
9160 7574 8734 
9161 4657 8436 8437 8438 
9165 4657 8439 8440 
9169 4661 8441 8442 
9173 4661 8443 
9179 7563 8753 
9180 7560 8754 
9181 7569 8755 
9182 7566 8756 
9183 4702 8491 8492 8493 
9193 4702 8494 8495 
9203 4722 8511 8512 8513 
9206 4718 8504 8505 8506 8507 
9220 4722 8514 8515 
9223 4718 8508 8509 8510 
9234 7591 8814 
9235 7588 8815 
9236 7585 8816 
9237 7582 8817 
9238 3159 8818 
9242 3126 8840 
9243 8324 8888 
9244 8580 
9245 8583 
9246 8586 
9247 8589 
9248 8592 
9249 8595 
9250 8598 
9251 8601 
9252 8604 
9256 8861 8280 
9257 8862 8281 
9258 8863 8282 
9259 8864 8283 
9260 8865 8284 
9261 8866 8285 
9262 8627 
9265 7649 8874 
9268 7668 8878 
9271 7533 8879 
9272 7536 8881 
9273 7539 8883 
9274 7542 8885 
9275 8322 8887 
9276 8333 
9280 6936 8326 6946 6929 6957 
9285 367 8326 6946 6957 6936 
9286 367 8326 6946 6957 
9287 367 8326 6957 
9288 367 8326 
9290 8660 
9292 8663 
9294 8666 
9296 8669 
9297 8672 5966 
9298 8672 
9299 8675 6969 
9300 8675 
9301 8365 
9307 8358 7036 7020 7006 6998 
9314 8358 7020 7006 7036 
9315 8358 7020 7036 
9318 8358 7036 
9319 8687 
9320 8699 
9321 8711 
9322 8714 
9323 8727 
9324 8730 
9326 8405 
9332 8405 8412 
9339 4193 8960 
9344 8430 8444 
9352 8735 
9354 8738 
9356 8741 
9358 8744 
9359 8747 6078 
9360 8747 
9361 8750 7187 
9362 8750 
9363 8471 
9364 8474 
9365 8477 
9366 8480 
9367 8991 8483 
9368 8992 8484 
9369 7198 7194 8471 
9370 8460 8457 8474 
9371 7209 7205 8477 
9372 8466 8463 8480 
9375 8497 
9381 8766 
9382 8778 
9383 8793 
9384 8796 
9385 8485 8497 
9392 8525 
9393 8528 
9394 8531 
9395 8534 
9396 7318 7314 8525 
9397 8522 8519 8528 
9398 6131 6127 8531 
9399 7328 7325 8534 
9400 9024 8539 
9401 9025 8540 
9402 8541 
9407 8548 89 
9408 8541 8548 
9412 8811 
9413 8566 
9414 8569 
9415 8572 
9416 8575 
9417 9053 8578 
9418 9054 8579 
9419 7387 6177 8566 
9420 8555 7384 8569 
9421 7398 7394 8572 
9422 8561 8558 8575 
9423 8326 
9426 9064 8608 
9429 9065 8610 
9432 3515 9066 
9435 4796 9072 
9442 3628 9087 
9445 4814 9093 
9454 8678 
9455 8681 
9456 8684 
9459 8690 
9460 8693 
9461 8696 
9462 8358 
9465 8702 
9466 8705 
9467 8708 
9468 8724 
9473 8358 
9476 8718 
9477 8721 
9478 9159 9160 
9485 9179 9180 
9488 9181 9182 
9493 8757 
9494 8760 
9495 8763 
9498 8769 
9499 8772 
9500 8775 
9505 8781 
9506 8784 
9507 8787 
9508 8790 
9509 8808 
9514 8799 
9515 8802 
9516 8805 
9517 9234 9235 
9520 9236 9237 
9526 8943 8421 
9531 8943 8421 
9539 9271 8880 
9540 9273 8884 
9541 9275 
9543 8857 8254 
9551 8871 8288 
9555 9272 8882 
9556 9274 8886 
9557 8898 
9560 8902 8333 
9561 9099 
9562 9099 9290 
9563 9103 
9564 9103 9292 
9565 9107 
9566 9107 9294 
9567 9111 
9568 9111 9296 
9569 4844 9298 
9570 6207 9300 
9571 8920 
9575 8927 
9579 8365 8927 
9581 8950 
9582 8956 
9585 8405 8956 
9591 8966 8430 
9592 9161 
9593 9161 9352 
9594 9165 
9595 9165 9354 
9596 9169 
9597 9169 9356 
9598 9173 
9599 9173 9358 
9600 4940 9360 
9601 6220 9362 
9602 8457 7198 9363 
9603 7194 8460 9364 
9604 8463 7209 9365 
9605 7205 8466 9366 
9608 9001 
9611 8485 9001 
9612 8519 7318 9392 
9613 7314 8522 9393 
9614 7325 6131 9394 
9615 6127 7328 9395 
9616 9029 
9617 9035 
9618 8541 9035 
9621 7384 7387 9413 
9622 6177 8555 9414 
9623 8558 7398 9415 
9624 7394 8561 9416 
9626 4563 8352 8353 8354 9285 
9629 4566 8355 8356 9286 
9632 4570 8357 9287 
9635 5960 9288 
9642 9067 9432 
9645 9068 
9646 9073 9435 
9649 9074 
9650 9257 9256 
9653 9259 9258 
9656 9261 9260 
9659 9079 
9660 9079 4809 
9661 9083 
9662 9083 6202 
9663 9088 9442 
9666 9089 
9667 9094 9445 
9670 9095 
9671 8924 8393 
9674 9117 
9675 8924 
9678 9127 
9679 4597 8388 8389 9315 
9682 8931 9318 
9685 4593 8382 8383 8384 9314 
9690 9146 
9691 9146 8717 
9692 8931 
9695 9149 
9698 9401 9400 
9702 9368 9367 
9707 8996 8517 
9710 9183 
9711 8996 
9714 9193 
9715 9203 
9716 9203 6235 
9717 9005 8518 
9720 9206 
9721 9220 
9722 9220 7573 
9723 9005 
9726 9223 
9727 9418 9417 
9732 9268 8269 
9733 9581 9326 
9734 89 9408 9332 8394 8421 
9735 89 9408 9332 8394 8421 
9736 9265 8262 
9737 9555 
9738 9556 
9739 9361 9601 
9740 9423 1115 
9741 9423 
9742 9299 9570 
9754 8333 9280 
9758 8898 9560 
9762 8660 9561 
9763 8663 9563 
9764 8666 9565 
9765 8669 9567 
9766 9297 9569 
9767 9280 367 
9768 9557 9276 
9769 9307 
9773 9307 367 
9774 9571 9301 
9775 8365 9307 
9779 8920 9579 
9784 9478 
9785 9616 9402 
9786 8950 9585 
9790 89 9408 9332 8394 
9791 8963 9591 
9795 8735 9592 
9796 8738 9594 
9797 8741 9596 
9798 8744 9598 
9799 9359 9600 
9800 9602 9369 
9801 9603 9370 
9802 9604 9371 
9803 9605 9372 
9805 9485 
9806 9488 
9809 8995 9611 
9813 9612 9396 
9814 9613 9397 
9815 9614 9398 
9816 9615 9399 
9817 9617 9407 
9820 9029 9618 
9825 9517 
9826 9520 
9827 9621 9419 
9828 9622 9420 
9829 9623 9421 
9830 9624 9422 
9835 9426 
9836 9426 4789 
9837 9429 
9838 9429 4794 
9846 3625 9659 
9847 4810 9661 
9862 9462 
9863 7553 9690 
9866 9473 
9873 5030 9715 
9876 6236 9721 
9890 9795 9593 
9891 9797 9597 
9892 9799 
9893 871 9741 
9894 9762 9562 
9895 9764 9566 
9896 9766 
9897 9626 
9898 9626 9249 
9899 9629 
9900 9629 9250 
9901 9632 
9902 9632 9251 
9903 9635 
9904 9635 9252 
9905 9543 
9906 9650 
9907 9650 5769 
9908 9653 
9909 9653 5770 
9910 9656 
9911 9656 9262 
9917 9551 
9923 9763 9564 
9924 9765 9568 
9925 8902 9767 
9932 9575 9773 
9935 9575 9769 
9938 9698 
9939 9698 9323 
9945 9796 9595 
9946 9798 9599 
9947 9702 
9948 9702 6102 
9949 9608 9375 
9953 9727 
9954 9727 9412 
9955 3502 9835 
9956 3510 9837 
9957 9642 
9958 9642 9645 
9959 9646 
9960 9646 9649 
9961 9660 9846 
9964 9662 9847 
9967 9663 
9968 9663 9666 
9969 9667 
9970 9667 9670 
9971 9671 
9972 9671 6213 
9973 9675 
9974 9675 7551 
9975 9679 
9976 9679 7552 
9977 9682 
9978 9685 
9979 9691 9863 
9982 9692 
9983 9814 9813 
9986 9816 9815 
9989 9801 9800 
9992 9803 9802 
9995 9707 
9996 9707 6231 
9997 9711 
9998 9711 7572 
9999 9716 9873 
10002 9717 
10003 9722 9876 
10006 9723 
10007 9830 9829 
10010 9828 9827 
10013 9791 8307 8269 
10014 9758 9344 8307 8269 
10015 367 9754 9344 8307 8269 
10016 9786 8394 8421 
10017 9820 9332 8394 8421 
10018 9786 8394 8421 
10019 9820 9332 8394 8421 
10020 9809 8298 8262 
10021 9779 9385 8298 8262 
10022 367 9775 9385 8298 8262 
10023 9945 
10024 9946 
10025 9740 9893 
10026 9923 
10028 9924 
10032 8595 9897 
10033 8598 9899 
10034 8601 9901 
10035 8604 9903 
10036 4803 9906 
10037 4806 9908 
10038 8627 9910 
10039 9809 8298 
10040 9779 9385 8298 
10041 367 9775 9385 8298 
10042 9779 9385 
10043 367 9775 9385 
10050 8727 9938 
10053 9817 
10054 9817 9029 
10055 9786 8394 
10056 9820 9332 8394 
10057 9791 8307 
10058 9758 9344 8307 
10059 367 9754 9344 8307 
10060 9758 9344 
10061 367 9754 9344 
10062 4997 9947 
10067 8811 9953 
10070 9955 9836 
10073 9956 9838 
10076 9068 9957 
10077 9074 9959 
10082 9089 9967 
10083 9095 9969 
10084 4871 9971 
10085 6214 9973 
10086 6217 9975 
10093 5027 9995 
10094 6232 9997 
10101 9238 9732 10013 10014 10015 
10102 9339 9526 10016 10017 9734 
10103 9339 9531 10018 10019 9735 
10104 9242 9736 10020 10021 10022 
10105 9925 9894 
10106 9925 9895 
10107 9925 9896 
10108 9925 8253 
10109 10032 9898 
10110 10033 9900 
10111 10034 9902 
10112 10035 9904 
10113 10036 9907 
10114 10037 9909 
10115 10038 9911 
10116 9265 10039 10040 10041 
10119 9809 10042 10043 
10124 9925 
10130 9768 9925 
10131 9932 
10132 9935 
10133 9932 8920 
10134 10050 9939 
10135 9983 
10136 9983 9324 
10137 9986 
10138 9986 9784 
10139 9785 10053 
10140 8943 10055 10056 9790 
10141 9268 10057 10058 10059 
10148 9791 10060 10061 
10155 10062 9948 
10156 9989 
10157 9989 9805 
10158 9992 
10159 9992 9806 
10160 9949 
10161 10067 9954 
10162 10007 
10163 10007 9825 
10164 10010 
10165 10010 9826 
10170 10076 9958 
10173 10077 9960 
10176 9961 
10177 9961 9082 
10178 9964 
10179 9964 9086 
10180 10082 9968 
10183 10083 9970 
10186 9972 10084 
10189 9974 10085 
10192 9976 10086 
10195 9979 
10196 9979 9982 
10197 9996 10093 
10200 9998 10094 
10203 9999 
10204 9999 10002 
10205 10003 
10206 10003 10006 
10212 10070 4308 
10213 10073 4313 
10230 9774 10131 
10231 8730 10135 
10232 9478 10137 
10233 10139 10054 
10234 7100 10140 
10237 9485 10156 
10238 9488 10158 
10239 9517 10162 
10240 9520 10164 
10241 10070 
10242 10073 
10247 8146 10176 
10248 8156 10178 
10259 9692 10195 
10264 9717 10203 
10265 9723 10205 
10266 10026 10124 
10267 10028 10124 
10268 9742 10124 
10269 6923 10124 
10270 6762 10116 
10271 3061 10241 
10272 3064 10242 
10273 10116 
10278 10141 5728 5707 5718 5697 
10279 10141 5728 5707 5718 
10280 10141 5728 5718 
10281 10141 5728 
10282 6784 10141 
10283 10119 
10287 10148 5936 5915 5926 5905 
10288 10148 5936 5915 5926 
10289 10148 5936 5926 
10290 10148 5936 
10291 6881 10148 
10292 8898 10124 
10293 10231 10136 
10294 10232 10138 
10295 8412 10233 
10296 8959 10234 
10299 10237 10157 
10300 10238 10159 
10301 10230 10133 
10306 10239 10163 
10307 10240 10165 
10308 10148 
10311 10141 
10314 10170 
10315 10170 9071 
10316 10173 
10317 10173 9077 
10318 10247 10177 
10321 10248 10179 
10324 10180 
10325 10180 9092 
10326 10183 
10327 10183 9098 
10328 10186 
10329 10186 9674 
10330 10189 
10331 10189 9678 
10332 10192 
10333 10192 9977 
10334 10259 10196 
10337 10197 
10338 10197 9710 
10339 10200 
10340 10200 9714 
10341 10264 10204 
10344 10265 10206 
10350 10266 10105 
10351 10267 10106 
10352 10268 10107 
10353 10269 10108 
10354 8857 10270 
10357 10271 10212 
10360 10272 10213 
10367 7620 10282 
10375 7671 10291 
10381 10292 10130 
10388 10114 10134 10293 10294 
10391 9582 10295 
10399 10113 10115 10299 10300 
10402 10155 10161 10306 10307 
10406 3229 6888 6889 6890 10287 
10409 3232 6891 6892 10288 
10412 3236 6893 10289 
10415 3241 10290 
10419 3137 6791 6792 6793 10278 
10422 3140 6794 6795 10279 
10425 3144 6796 10280 
10428 3149 10281 
10431 8117 10314 
10432 8134 10316 
10437 8169 10324 
10438 8186 10326 
10439 9117 10328 
10440 9127 10330 
10441 9682 10332 
10444 9183 10337 
10445 9193 10339 
10450 10296 
10451 10296 4193 
10455 10308 
10456 10308 8242 
10465 10311 
10466 10311 8247 
10479 10273 
10497 10301 
10509 10431 10315 
10512 10432 10317 
10515 10318 
10516 10318 8632 
10517 10321 
10518 10321 8637 
10519 10437 10325 
10522 10438 10327 
10525 10439 10329 
10528 10440 10331 
10531 10441 10333 
10534 10334 
10535 10334 9695 
10536 10444 10338 
10539 10445 10340 
10542 10341 
10543 10341 9720 
10544 10344 
10545 10344 9726 
10546 5631 10450 
10547 10391 
10548 10391 8950 
10549 5165 10367 
10550 10354 
10551 10354 3126 
10552 7411 10455 
10553 10375 9539 
10554 10375 9540 
10555 10375 9541 
10556 10375 6761 
10557 10406 
10558 10406 8243 
10559 10409 
10560 10409 8244 
10561 10412 
10562 10412 8245 
10563 10415 
10564 10415 8246 
10565 7426 10465 
10566 10419 
10567 10419 8248 
10568 10422 
10569 10422 8249 
10570 10425 
10571 10425 8250 
10572 10428 
10573 10428 8251 
10574 10399 
10575 10402 
10576 10388 
10577 10399 10402 10388 
10581 10360 9543 10273 
10582 10357 9905 10273 
10583 10367 
10587 10367 5735 
10588 10367 3135 
10589 10375 
10594 10381 7180 7159 7170 7149 
10595 10381 7180 7159 7170 
10596 10381 7180 7170 
10597 10381 7180 
10598 8444 10381 
10602 10381 
10609 7479 10515 
10610 7491 10517 
10621 9149 10534 
10626 9206 10542 
10627 9223 10544 
10628 10546 10451 
10629 9733 10547 
10631 5166 10550 
10632 10552 10456 
10637 7414 10557 
10638 7417 10559 
10639 7420 10561 
10640 7423 10563 
10641 10565 10466 
10642 7429 10566 
10643 7432 10568 
10644 7435 10570 
10645 7438 10572 
10647 886 887 10577 
10648 10360 8857 10479 
10649 10357 7609 10479 
10652 8966 10598 
10659 4675 8451 8452 8453 10594 
10662 4678 8454 8455 10595 
10665 4682 8456 10596 
10668 4687 10597 
10671 10509 
10672 10509 8615 
10673 10512 
10674 10512 8624 
10675 10609 10516 
10678 10610 10518 
10681 10519 
10682 10519 8644 
10683 10522 
10684 10522 8653 
10685 10525 
10686 10525 9454 
10687 10528 
10688 10528 9459 
10689 10531 
10690 10531 9978 
10691 10621 10535 
10694 10536 
10695 10536 9493 
10696 10539 
10697 10539 9498 
10698 10626 10543 
10701 10627 10545 
10704 10629 10548 
10705 3159 10583 
10706 10631 10551 
10707 9737 10589 
10708 9738 10589 
10709 9243 10589 
10710 5892 10589 
10711 10637 10558 
10712 10638 10560 
10713 10639 10562 
10714 10640 10564 
10715 10642 10567 
10716 10643 10569 
10717 10644 10571 
10718 10645 10573 
10719 10602 
10720 10602 9244 
10729 10647 
10730 5178 10583 
10731 2533 10583 
10737 7447 10671 
10738 7465 10673 
10739 10648 10649 10581 10582 
10746 7503 10681 
10747 7521 10683 
10748 8678 10685 
10749 8690 10687 
10750 9685 10689 
10753 8757 10694 
10754 8769 10696 
10759 10705 10549 
10760 10707 10553 
10761 10708 10554 
10762 10709 10555 
10763 10710 10556 
10764 8580 10719 
10765 10652 9890 
10766 10652 9891 
10767 10652 9892 
10768 10652 8252 
10769 10659 
10770 10659 9245 
10771 10662 
10772 10662 9246 
10773 10665 
10774 10665 9247 
10775 10668 
10776 10668 9248 
10778 10730 10587 
10781 10731 10588 
10784 10652 
10789 10737 10672 
10792 10738 10674 
10796 10675 
10797 10675 8633 
10798 10678 
10799 10678 8638 
10800 10746 10682 
10803 10747 10684 
10806 10748 10686 
10809 10749 10688 
10812 10750 10690 
10815 10691 
10816 10691 9866 
10817 10753 10695 
10820 10754 10697 
10823 10698 
10824 10698 9505 
10825 10701 
10826 10701 9514 
10827 10764 10720 
10832 8583 10769 
10833 8586 10771 
10834 8589 10773 
10835 8592 10775 
10836 10739 
10837 10778 
10838 10778 
10839 10781 
10840 10781 
10845 7482 10796 
10846 7494 10798 
10857 9473 10815 
10862 8781 10823 
10863 8799 10825 
10864 10023 10784 
10865 10024 10784 
10866 9739 10784 
10867 7136 10784 
10868 10832 10770 
10869 10833 10772 
10870 10834 10774 
10871 10835 10776 
10872 10789 
10873 10789 8616 
10874 10792 
10875 10792 8625 
10876 10845 10797 
10879 10846 10799 
10882 10800 
10883 10800 8645 
10884 10803 
10885 10803 8654 
10886 10806 
10887 10806 9455 
10888 10809 
10889 10809 9460 
10890 10812 
10891 10812 9862 
10892 10857 10816 
10895 10817 
10896 10817 9494 
10897 10820 
10898 10820 9499 
10899 10862 10824 
10902 10863 10826 
10905 10864 10765 
10906 10865 10766 
10907 10866 10767 
10908 10867 10768 
10909 7450 10872 
10910 7468 10874 
10915 7506 10882 
10916 7524 10884 
10917 8681 10886 
10918 8693 10888 
10919 9462 10890 
10922 8760 10895 
10923 8772 10897 
10928 10909 10873 
10931 10910 10875 
10934 10876 
10935 10876 8634 
10936 10879 
10937 10879 8639 
10938 10915 10883 
10941 10916 10885 
10944 10917 10887 
10947 10918 10889 
10950 10919 10891 
10953 10892 
10954 10892 9476 
10955 10922 10896 
10958 10923 10898 
10961 10899 
10962 10899 9506 
10963 10902 
10964 10902 9515 
10969 7485 10934 
10970 7497 10936 
10981 8718 10953 
10986 8784 10961 
10987 8802 10963 
10988 10928 
10989 10928 8617 
10990 10931 
10991 10931 8626 
10992 10969 10935 
10995 10970 10937 
10998 10938 
10999 10938 8646 
11000 10941 
11001 10941 8655 
11002 10944 
11003 10944 9456 
11004 10947 
11005 10947 9461 
11006 10950 
11007 10950 9465 
11008 10981 10954 
11011 10955 
11012 10955 9495 
11013 10958 
11014 10958 9500 
11015 10986 10962 
11018 10987 10964 
11023 7453 10988 
11024 7471 10990 
11027 7509 10998 
11028 7527 11000 
11029 8684 11002 
11030 8696 11004 
11031 8702 11006 
11034 8763 11011 
11035 8775 11013 
11040 10992 
11041 10992 8294 
11042 10995 
11043 10995 8295 
11044 11023 10989 
11047 11024 10991 
11050 11027 10999 
11053 11028 11001 
11056 11029 11003 
11059 11030 11005 
11062 11031 11007 
11065 11008 
11066 11008 9477 
11067 11034 11012 
11070 11035 11014 
11073 11015 
11074 11015 9507 
11075 11018 
11076 11018 9516 
11077 7488 11040 
11078 7500 11042 
11095 8721 11065 
11098 8787 11073 
11099 8805 11075 
11100 11077 11041 
11103 11078 11043 
11106 11056 
11107 11056 9319 
11108 11059 
11109 11059 9320 
11110 11067 
11111 11067 9381 
11112 11070 
11113 11070 9382 
11114 11044 
11115 11044 8618 
11116 11047 
11117 11047 8619 
11118 11050 
11119 11050 8647 
11120 11053 
11121 11053 8648 
11122 11062 
11123 11062 9466 
11124 11095 11066 
11127 11098 11074 
11130 11099 11076 
11137 8687 11106 
11138 8699 11108 
11139 8766 11110 
11140 8778 11112 
11141 7456 11114 
11142 7474 11116 
11143 7512 11118 
11144 7530 11120 
11145 8705 11122 
11152 11103 8871 10283 
11153 11100 7655 10283 
11154 11103 9551 10119 
11155 11100 9917 10119 
11156 11137 11107 
11159 11138 11109 
11162 11139 11111 
11165 11140 11113 
11168 11141 11115 
11171 11142 11117 
11174 11143 11119 
11177 11144 11121 
11180 11145 11123 
11183 11124 
11184 11124 9468 
11185 11127 
11186 11127 9508 
11187 11130 
11188 11130 9509 
11205 11152 11153 11154 11155 
11210 8724 11183 
11211 8790 11185 
11212 8808 11187 
11213 11168 
11214 11168 8260 
11215 11171 
11216 11171 8261 
11217 11174 
11218 11174 8296 
11219 11177 
11220 11177 8297 
11222 11159 9575 1218 
11223 11156 8927 1218 
11224 11159 9935 750 
11225 11156 10132 750 
11226 11165 9608 10497 
11227 11162 9001 10497 
11228 11165 9949 10301 
11229 11162 10160 10301 
11231 11180 
11232 11180 9467 
11233 11210 11184 
11236 11211 11186 
11239 11212 11188 
11242 7459 11213 
11243 7462 11215 
11244 7515 11217 
11245 7518 11219 
11246 11205 
11250 8708 11231 
11252 11222 11223 11224 11225 
11257 11226 11227 11228 11229 
11260 11242 11214 
11261 11243 11216 
11262 11244 11218 
11263 11245 11220 
11264 11233 
11265 11233 9322 
11267 11236 
11268 11236 9383 
11269 11239 
11270 11239 9384 
11272 11250 11232 
11277 11261 
11278 10273 11260 
11279 11263 
11280 10119 11262 
11282 8714 11264 
11283 11252 
11284 8793 11267 
11285 8796 11269 
11286 11257 
11288 11277 10479 
11289 11279 10283 
11290 11272 
11291 11272 9321 
11292 11282 11265 
11293 11284 11268 
11294 11285 11270 
11295 8711 11290 
11296 11292 
11297 11294 
11298 10301 11293 
11299 11288 11278 
11302 11289 11280 
11307 11295 11291 
11308 11296 1218 
11309 11297 10497 
11312 11302 11246 
11313 11299 10836 
11314 11299 
11315 11302 
11316 750 11307 
11317 11309 11298 
11320 11205 11315 
11321 10739 11314 
11323 11308 11316 
11327 11312 11320 
11328 11313 11321 
11329 11317 11286 
11331 11317 
11333 11327 
11334 11328 
11335 11257 11331 
11336 11323 11283 
11337 11323 
11338 11329 11335 
11339 11252 11337 
11340 11338 
11341 11336 11339 
11342 11341 
