388= 0 0 0 0 0 1 0 1 0 0 0 0 0 0 0 1 0 0 0 0 0 0 0 0 0 0 0 0 0 0 0 0 0 0 0 0 0 0 0 0 0 0 0 0 0 0 0 0 0 0 0 0 0 0 0 0 0 0 0 0 
389= 0 0 0 0 0 1 0 0 0 0 0 0 0 0 0 0 1 0 0 0 0 0 0 0 0 0 0 0 0 0 0 0 0 0 0 0 0 0 0 0 0 0 0 0 0 0 0 0 0 0 0 0 0 0 0 0 0 0 0 0 
390= 0 0 0 0 0 1 0 1 0 0 0 0 0 0 0 0 0 0 0 0 0 0 0 0 0 0 0 0 0 0 0 0 0 0 0 0 0 0 0 0 0 0 0 0 0 0 0 0 0 0 0 0 0 0 0 0 0 0 0 0 
391= 0 0 0 0 0 0 0 0 0 0 0 0 0 0 0 0 0 1 1 0 0 0 0 0 0 0 0 0 0 0 0 0 0 0 0 0 0 0 0 0 0 0 0 0 0 0 0 0 0 0 0 0 0 0 0 0 0 0 0 0 
418= 1 1 1 1 0 0 0 0 0 0 0 0 0 0 0 0 0 0 0 0 0 0 0 0 0 0 0 0 0 0 0 0 0 0 0 0 0 0 0 0 0 0 0 0 0 0 0 0 0 0 0 0 0 0 0 0 0 0 0 0 
419= 1 0 1 1 1 1 0 1 0 0 0 0 0 0 0 0 0 0 0 0 0 0 0 0 0 0 0 0 0 0 0 0 0 0 0 0 0 0 0 0 0 0 0 0 0 0 0 0 0 0 0 0 0 0 0 0 0 0 0 0 
420= 0 0 0 0 0 0 0 0 0 0 1 0 0 0 0 1 1 0 0 0 0 0 0 0 0 0 0 0 0 0 0 0 0 0 0 0 0 0 0 0 0 0 0 0 0 0 0 0 0 0 0 0 0 0 0 0 0 0 0 0 
421= 0 0 0 0 0 0 0 0 0 0 1 0 0 0 0 0 1 0 0 0 0 0 0 0 0 0 0 0 0 0 0 0 0 0 0 0 0 0 0 0 0 0 0 0 0 0 0 0 0 0 0 0 0 0 0 0 0 0 0 0 
422= 0 0 0 0 0 0 0 1 0 0 1 0 0 0 0 0 0 0 0 0 0 0 0 0 0 0 0 0 0 0 0 0 0 0 0 0 0 0 0 0 0 0 0 0 0 0 0 0 0 0 0 0 0 0 0 0 0 0 0 0 
423= 0 0 0 0 0 0 0 0 0 0 0 0 0 0 0 0 0 0 0 1 1 0 1 0 0 0 0 0 0 0 0 0 0 0 0 0 0 0 0 0 0 0 0 0 0 0 0 0 0 0 0 0 0 0 0 0 0 0 0 0 
446= 1 0 1 1 1 1 0 1 0 0 0 0 0 0 0 0 0 0 0 0 0 0 0 0 0 0 0 0 0 0 0 0 0 0 0 0 0 0 0 0 0 0 0 0 0 0 0 0 0 0 0 0 0 0 0 0 0 0 0 0 
447= 1 0 0 0 1 0 0 0 1 0 0 0 0 0 0 0 0 0 0 0 0 0 0 0 0 0 0 0 0 0 0 0 0 0 0 0 0 0 0 0 0 0 0 0 0 0 0 0 0 0 0 0 0 0 0 0 0 0 0 0 
448= 1 1 1 0 0 1 0 0 0 1 0 1 0 0 0 0 0 0 0 0 0 0 0 0 0 0 0 0 0 0 0 0 0 0 0 0 0 0 0 0 0 0 0 0 0 0 0 0 0 0 0 0 0 0 0 0 0 0 0 0 
449= 1 1 1 0 0 0 0 0 0 1 1 1 0 0 1 0 0 0 0 0 0 0 0 0 0 0 0 0 0 0 0 0 0 0 0 0 0 0 0 0 0 0 0 0 0 0 0 0 0 0 0 0 0 0 0 0 0 0 0 0 
450= 0 0 0 0 0 0 0 0 0 0 0 0 0 0 0 0 0 0 0 1 1 1 0 0 0 0 0 0 0 0 0 0 0 0 0 0 0 0 0 0 0 0 0 0 0 0 0 0 0 0 0 0 0 0 0 0 0 0 0 0 
767= 0 0 0 0 0 0 0 0 0 0 0 0 0 0 0 0 0 0 0 0 0 0 0 16 16 16 16 16 16 16 16 4 4 0 0 0 0 0 0 0 0 0 0 0 0 0 0 0 0 0 0 0 0 0 0 0 0 0 0 0 
768= 0 0 0 0 0 0 0 0 0 0 0 0 0 0 0 0 0 0 0 0 0 0 0 0 0 0 0 0 0 0 0 4 0 0 0 0 0 0 0 0 16 16 16 16 16 16 16 16 4 0 0 0 0 0 0 0 0 0 0 0 
850= 41 9 1 32 24 8 0 25 32 9 25 1 1 1 0 16 8 0 0 0 0 0 0 0 0 0 0 0 0 1 8 0 0 0 0 0 0 0 8 16 0 0 0 0 0 0 0 8 0 1 1 1 1 1 1 0 0 2 1 8 
863= 131 27 1 104 78 26 0 79 104 27 79 1 1 1 0 52 26 0 0 0 0 0 0 0 0 0 1 8 8 6 4 0 0 0 8 8 6 0 4 52 0 0 0 0 8 8 6 4 0 1 1 1 1 1 0 0 0 2 0 26 
864= 91 19 1 72 54 18 0 55 72 19 55 1 1 1 0 36 18 0 0 0 0 0 0 0 0 0 0 1 8 6 4 0 0 0 0 8 6 0 4 36 0 0 0 0 0 8 6 4 0 1 1 1 1 1 1 1 0 2 0 18 
865= 61 13 1 48 36 12 0 37 48 13 37 1 1 1 0 24 12 0 0 0 0 0 0 0 0 0 0 0 1 8 4 0 0 0 0 0 8 0 4 24 0 0 0 0 0 0 8 4 0 1 1 1 1 1 1 0 1 2 0 12 
866= 99 24 0 91 66 22 0 66 92 22 66 0 0 0 0 44 22 0 0 0 0 0 0 2 4 3 2 2 4 3 2 0 0 11 4 8 6 2 4 44 2 4 3 2 2 4 3 2 0 0 0 0 0 0 0 0 0 1 0 22 
874= 143 31 1 120 90 30 0 91 120 31 91 1 1 1 0 60 30 0 0 0 0 0 0 0 0 1 8 4 8 6 4 0 0 8 4 8 6 8 12 60 0 0 0 8 4 8 6 4 0 1 1 1 1 1 0 0 0 2 0 30 
878= 215 57 1 198 144 48 0 145 200 49 145 1 1 1 0 96 48 0 0 0 0 0 0 8 8 6 4 4 8 6 4 0 0 26 12 16 12 4 8 96 8 8 6 4 4 8 6 4 0 1 1 1 1 1 0 0 0 2 0 49 
879= 183 41 1 166 120 40 0 121 168 41 121 1 1 1 0 80 40 0 0 0 0 0 0 1 8 6 4 4 8 6 4 0 0 18 4 16 12 4 8 80 0 8 6 4 4 8 6 4 0 1 1 1 1 1 0 0 0 2 0 40 
880= 159 35 1 144 102 34 0 103 136 35 103 1 1 1 0 68 34 0 0 0 0 0 0 0 1 8 4 4 8 6 4 0 0 12 4 8 14 4 8 68 0 0 8 4 4 8 6 4 0 1 1 1 1 1 0 0 0 2 0 34 
388= 0 0 0 0 0 1 0 1 0 0 0 0 0 0 0 1 0 0 0 0 0 0 0 0 0 0 0 0 0 0 0 0 0 0 0 0 0 0 0 0 0 0 0 0 0 0 0 0 0 0 0 0 0 0 0 0 0 0 0 0 
389= 0 0 0 0 0 1 0 0 0 0 0 0 0 0 0 0 1 0 0 0 0 0 0 0 0 0 0 0 0 0 0 0 0 0 0 0 0 0 0 0 0 0 0 0 0 0 0 0 0 0 0 0 0 0 0 0 0 0 0 0 
390= 0 0 0 0 0 1 0 1 0 0 0 0 0 0 0 0 0 0 0 0 0 0 0 0 0 0 0 0 0 0 0 0 0 0 0 0 0 0 0 0 0 0 0 0 0 0 0 0 0 0 0 0 0 0 0 0 0 0 0 0 
391= 0 0 0 0 0 0 0 0 0 0 0 0 0 0 0 0 0 1 1 0 0 0 0 0 0 0 0 0 0 0 0 0 0 0 0 0 0 0 0 0 0 0 0 0 0 0 0 0 0 0 0 0 0 0 0 0 0 0 0 0 
418= 1 1 1 1 0 0 0 0 0 0 0 0 0 0 0 0 0 0 0 0 0 0 0 0 0 0 0 0 0 0 0 0 0 0 0 0 0 0 0 0 0 0 0 0 0 0 0 0 0 0 0 0 0 0 0 0 0 0 0 0 
419= 1 0 1 1 1 1 0 1 0 0 0 0 0 0 0 0 0 0 0 0 0 0 0 0 0 0 0 0 0 0 0 0 0 0 0 0 0 0 0 0 0 0 0 0 0 0 0 0 0 0 0 0 0 0 0 0 0 0 0 0 
420= 0 0 0 0 0 0 0 0 0 0 1 0 0 0 0 1 1 0 0 0 0 0 0 0 0 0 0 0 0 0 0 0 0 0 0 0 0 0 0 0 0 0 0 0 0 0 0 0 0 0 0 0 0 0 0 0 0 0 0 0 
421= 0 0 0 0 0 0 0 0 0 0 1 0 0 0 0 0 1 0 0 0 0 0 0 0 0 0 0 0 0 0 0 0 0 0 0 0 0 0 0 0 0 0 0 0 0 0 0 0 0 0 0 0 0 0 0 0 0 0 0 0 
422= 0 0 0 0 0 0 0 1 0 0 1 0 0 0 0 0 0 0 0 0 0 0 0 0 0 0 0 0 0 0 0 0 0 0 0 0 0 0 0 0 0 0 0 0 0 0 0 0 0 0 0 0 0 0 0 0 0 0 0 0 
423= 0 0 0 0 0 0 0 0 0 0 0 0 0 0 0 0 0 0 0 1 1 0 1 0 0 0 0 0 0 0 0 0 0 0 0 0 0 0 0 0 0 0 0 0 0 0 0 0 0 0 0 0 0 0 0 0 0 0 0 0 
446= 1 0 1 1 1 1 0 1 0 0 0 0 0 0 0 0 0 0 0 0 0 0 0 0 0 0 0 0 0 0 0 0 0 0 0 0 0 0 0 0 0 0 0 0 0 0 0 0 0 0 0 0 0 0 0 0 0 0 0 0 
447= 1 0 0 0 1 0 0 0 1 0 0 0 0 0 0 0 0 0 0 0 0 0 0 0 0 0 0 0 0 0 0 0 0 0 0 0 0 0 0 0 0 0 0 0 0 0 0 0 0 0 0 0 0 0 0 0 0 0 0 0 
448= 1 1 1 0 0 1 0 0 0 1 0 1 0 0 0 0 0 0 0 0 0 0 0 0 0 0 0 0 0 0 0 0 0 0 0 0 0 0 0 0 0 0 0 0 0 0 0 0 0 0 0 0 0 0 0 0 0 0 0 0 
449= 1 1 1 0 0 0 0 0 0 1 1 1 0 0 1 0 0 0 0 0 0 0 0 0 0 0 0 0 0 0 0 0 0 0 0 0 0 0 0 0 0 0 0 0 0 0 0 0 0 0 0 0 0 0 0 0 0 0 0 0 
450= 0 0 0 0 0 0 0 0 0 0 0 0 0 0 0 0 0 0 0 1 1 1 0 0 0 0 0 0 0 0 0 0 0 0 0 0 0 0 0 0 0 0 0 0 0 0 0 0 0 0 0 0 0 0 0 0 0 0 0 0 
767= 0 0 0 0 0 0 0 0 0 0 0 0 0 0 0 0 0 0 0 0 0 0 0 16 16 16 16 16 16 16 16 4 4 0 0 0 0 0 0 0 0 0 0 0 0 0 0 0 0 0 0 0 0 0 0 0 0 0 0 0 
768= 0 0 0 0 0 0 0 0 0 0 0 0 0 0 0 0 0 0 0 0 0 0 0 0 0 0 0 0 0 0 0 4 0 0 0 0 0 0 0 0 16 16 16 16 16 16 16 16 4 0 0 0 0 0 0 0 0 0 0 0 
850= 41 9 1 32 24 8 0 25 32 9 25 1 1 1 0 16 8 0 0 0 0 0 0 0 0 0 0 0 0 1 8 0 0 0 0 0 0 0 8 16 0 0 0 0 0 0 0 8 0 1 1 1 1 1 1 0 0 2 1 8 
863= 131 27 1 104 78 26 0 79 104 27 79 1 1 1 0 52 26 0 0 0 0 0 0 0 0 0 1 8 8 6 4 0 0 0 8 8 6 0 4 52 0 0 0 0 8 8 6 4 0 1 1 1 1 1 0 0 0 2 0 26 
864= 91 19 1 72 54 18 0 55 72 19 55 1 1 1 0 36 18 0 0 0 0 0 0 0 0 0 0 1 8 6 4 0 0 0 0 8 6 0 4 36 0 0 0 0 0 8 6 4 0 1 1 1 1 1 1 1 0 2 0 18 
865= 61 13 1 48 36 12 0 37 48 13 37 1 1 1 0 24 12 0 0 0 0 0 0 0 0 0 0 0 1 8 4 0 0 0 0 0 8 0 4 24 0 0 0 0 0 0 8 4 0 1 1 1 1 1 1 0 1 2 0 12 
866= 99 24 0 91 66 22 0 66 92 22 66 0 0 0 0 44 22 0 0 0 0 0 0 2 4 3 2 2 4 3 2 0 0 11 4 8 6 2 4 44 2 4 3 2 2 4 3 2 0 0 0 0 0 0 0 0 0 1 0 22 
874= 143 31 1 120 90 30 0 91 120 31 91 1 1 1 0 60 30 0 0 0 0 0 0 0 0 1 8 4 8 6 4 0 0 8 4 8 6 8 12 60 0 0 0 8 4 8 6 4 0 1 1 1 1 1 0 0 0 2 0 30 
878= 215 57 1 198 144 48 0 145 200 49 145 1 1 1 0 96 48 0 0 0 0 0 0 8 8 6 4 4 8 6 4 0 0 26 12 16 12 4 8 96 8 8 6 4 4 8 6 4 0 1 1 1 1 1 0 0 0 2 0 49 
879= 183 41 1 166 120 40 0 121 168 41 121 1 1 1 0 80 40 0 0 0 0 0 0 1 8 6 4 4 8 6 4 0 0 18 4 16 12 4 8 80 0 8 6 4 4 8 6 4 0 1 1 1 1 1 0 0 0 2 0 40 
880= 159 35 1 144 102 34 0 103 136 35 103 1 1 1 0 68 34 0 0 0 0 0 0 0 1 8 4 4 8 6 4 0 0 12 4 8 14 4 8 68 0 0 8 4 4 8 6 4 0 1 1 1 1 1 0 0 0 2 0 34 
