388=29 75 42   

389=29 36 80   

390=29 36 42   

391=85 86   

418=1 8 13 17     

419=1 26 13 17   29 36 42     

420=59 75 80     

421=59 36 80     

422=59 36 42     

423=90 87 88     

446=1 26 13 17   29 36 42       

447=1 26 51       

448=1 8 13 55   29 68       

449=1 8 13 55   59 68 74       

450=89 87 88       

767=130 91 96   91 96     101 106   101 106       91 96   91 96       101 106   101 106             130 91 96   91 96     101 106   101 106       91 96   91 96       101 106   101 106               111 116   111 116     121 126   121 126       111 116   111 116       121 126   121 126           135   111 116   111 116     121 126   121 126       111 116   111 116       121 126   121 126           135       130 91 96   91 96     101 106   101 106       91 96   91 96       101 106   101 106             130 91 96   91 96     101 106   101 106       91 96   91 96       101 106   101 106                 111 116   111 116     121 126   121 126       111 116   111 116       121 126   121 126           135   111 116   111 116     121 126   121 126       111 116   111 116       121 126   121 126           135           

768=130 159 165   159 165     171 177   171 177       159 165   159 165       171 177   171 177             130 159 165   159 165     171 177   171 177       159 165   159 165       171 177   171 177               183 189   183 189     195 201   195 201       183 189   183 189       195 201   195 201           207   183 189   183 189     195 201   195 201       183 189   183 189       195 201   195 201           207       130 159 165   159 165     171 177   171 177       159 165   159 165       171 177   171 177             130 159 165   159 165     171 177   171 177       159 165   159 165       171 177   171 177                 183 189   183 189     195 201   195 201       183 189   183 189       195 201   195 201           207   183 189   183 189     195 201   195 201       183 189   183 189       195 201   195 201           207           

850=210 121   219 268     1 26 51       29 75 80   55     153 1 26 51       59 156   17   1     126 17 42   17 42     59 156 1 26 51         1 8 51 17     59 75 42               201   268     1 26 51       29 75 80   55     153 1 26 51       59 156   17   1     126 17 42   17 42     59 156 1 26 51         1 8 51 17     59 75 42               201     261   268     1 26 51       29 75 80   55     153 1 26 51       59 156   17   1     126 17 42   17 42     59 156 1 26 51         1 8 51 17     59 75 42               201   268     1 26 51       29 75 80   55     153 1 26 51       59 156   17   1     126 17 42   17 42     59 156 1 26 51         1 8 51 17     59 75 42               201     261         228 268     1 26 51       29 75 80   55     153 1 26 51       59 156   17   1     126 17 42   17 42     59 156 1 26 51         1 8 51 17     59 75 42               201   268     1 26 51       29 75 80   55     153 1 26 51       59 156   17   1     126 17 42   17 42     59 156 1 26 51         1 8 51 17     59 75 42               201       237 268     1 26 51       29 75 80   55     153 1 26 51       59 156   17   1     126 17 42   17 42     59 156 1 26 51         1 8 51 17     59 75 42               201         255 267   246 268     1 26 51       29 75 80   55     153 1 26 51       59 156   17   1     126 17 42   17 42     59 156 1 26 51         1 8 51 17     59 75 42                   1 8 13 55   59 42 68 72     73       201         

863=210 106   219 268     1 26 51       29 75 80   55     143 1 26 51       59 156   17   1     111 17 42   17 42     59 156 1 26 51         1 8 51 17     59 75 42               183   268     1 26 51       29 75 80   55     143 1 26 51       59 156   17   1     111 17 42   17 42     59 156 1 26 51         1 8 51 17     59 75 42               183     268     1 26 51       29 75 80   55     146 1 26 51       59 156   17   1     116 17 42   17 42     59 156 1 26 51         1 8 51 17     59 75 42               189       268     1 26 51       29 75 80   55     146 1 26 51       59 156   17   1     116 17 42   17 42     59 156 1 26 51         1 8 51 17     59 75 42               189   268     1 26 51       29 75 80   55     149 1 26 51       59 156   17   1     121 17 42   17 42     59 156 1 26 51         1 8 51 17     59 75 42               195       268     1 26 51       29 75 80   55     146 1 26 51       59 156   17   1     116 17 42   17 42     59 156 1 26 51         1 8 51 17     59 75 42               189   268     1 26 51       29 75 80   55     149 1 26 51       59 156   17   1     121 17 42   17 42     59 156 1 26 51         1 8 51 17     59 75 42               195   268     1 26 51       29 75 80   55     153 1 26 51       59 156   17   1     126 17 42   17 42     59 156 1 26 51         1 8 51 17     59 75 42               201       268     1 26 51       29 75 80   55     146 1 26 51       59 156   17   1     116 17 42   17 42     59 156 1 26 51         1 8 51 17     59 75 42               189   268     1 26 51       29 75 80   55     149 1 26 51       59 156   17   1     121 17 42   17 42     59 156 1 26 51         1 8 51 17     59 75 42               195   268     1 26 51       29 75 80   55     153 1 26 51       59 156   17   1     126 17 42   17 42     59 156 1 26 51         1 8 51 17     59 75 42               201   261       268     1 26 51       29 75 80   55     143 1 26 51       59 156   17   1     111 17 42   17 42     59 156 1 26 51         1 8 51 17     59 75 42               183   268     1 26 51       29 75 80   55     143 1 26 51       59 156   17   1     111 17 42   17 42     59 156 1 26 51         1 8 51 17     59 75 42               183     268     1 26 51       29 75 80   55     146 1 26 51       59 156   17   1     116 17 42   17 42     59 156 1 26 51         1 8 51 17     59 75 42               189       268     1 26 51       29 75 80   55     146 1 26 51       59 156   17   1     116 17 42   17 42     59 156 1 26 51         1 8 51 17     59 75 42               189   268     1 26 51       29 75 80   55     149 1 26 51       59 156   17   1     121 17 42   17 42     59 156 1 26 51         1 8 51 17     59 75 42               195       268     1 26 51       29 75 80   55     146 1 26 51       59 156   17   1     116 17 42   17 42     59 156 1 26 51         1 8 51 17     59 75 42               189   268     1 26 51       29 75 80   55     149 1 26 51       59 156   17   1     121 17 42   17 42     59 156 1 26 51         1 8 51 17     59 75 42               195   268     1 26 51       29 75 80   55     153 1 26 51       59 156   17   1     126 17 42   17 42     59 156 1 26 51         1 8 51 17     59 75 42               201       268     1 26 51       29 75 80   55     146 1 26 51       59 156   17   1     116 17 42   17 42     59 156 1 26 51         1 8 51 17     59 75 42               189   268     1 26 51       29 75 80   55     149 1 26 51       59 156   17   1     121 17 42   17 42     59 156 1 26 51         1 8 51 17     59 75 42               195   268     1 26 51       29 75 80   55     153 1 26 51       59 156   17   1     126 17 42   17 42     59 156 1 26 51         1 8 51 17     59 75 42               201   261             228 268     1 26 51       29 75 80   55     143 1 26 51       59 156   17   1     111 17 42   17 42     59 156 1 26 51         1 8 51 17     59 75 42               183   268     1 26 51       29 75 80   55     143 1 26 51       59 156   17   1     111 17 42   17 42     59 156 1 26 51         1 8 51 17     59 75 42               183       237 268     1 26 51       29 75 80   55     143 1 26 51       59 156   17   1     111 17 42   17 42     59 156 1 26 51         1 8 51 17     59 75 42               183         246 268     1 26 51       29 75 80   55     143 1 26 51       59 156   17   1     111 17 42   17 42     59 156 1 26 51         1 8 51 17     59 75 42                 1 8 13 55   59 42 68 72     73       183           

864=210 111   219 268     1 26 51       29 75 80   55     146 1 26 51       59 156   17   1     116 17 42   17 42     59 156 1 26 51         1 8 51 17     59 75 42               189   268     1 26 51       29 75 80   55     146 1 26 51       59 156   17   1     116 17 42   17 42     59 156 1 26 51         1 8 51 17     59 75 42               189     268     1 26 51       29 75 80   55     149 1 26 51       59 156   17   1     121 17 42   17 42     59 156 1 26 51         1 8 51 17     59 75 42               195       268     1 26 51       29 75 80   55     149 1 26 51       59 156   17   1     121 17 42   17 42     59 156 1 26 51         1 8 51 17     59 75 42               195   268     1 26 51       29 75 80   55     153 1 26 51       59 156   17   1     126 17 42   17 42     59 156 1 26 51         1 8 51 17     59 75 42               201       268     1 26 51       29 75 80   55     149 1 26 51       59 156   17   1     121 17 42   17 42     59 156 1 26 51         1 8 51 17     59 75 42               195   268     1 26 51       29 75 80   55     153 1 26 51       59 156   17   1     126 17 42   17 42     59 156 1 26 51         1 8 51 17     59 75 42               201   261       268     1 26 51       29 75 80   55     146 1 26 51       59 156   17   1     116 17 42   17 42     59 156 1 26 51         1 8 51 17     59 75 42               189   268     1 26 51       29 75 80   55     146 1 26 51       59 156   17   1     116 17 42   17 42     59 156 1 26 51         1 8 51 17     59 75 42               189     268     1 26 51       29 75 80   55     149 1 26 51       59 156   17   1     121 17 42   17 42     59 156 1 26 51         1 8 51 17     59 75 42               195       268     1 26 51       29 75 80   55     149 1 26 51       59 156   17   1     121 17 42   17 42     59 156 1 26 51         1 8 51 17     59 75 42               195   268     1 26 51       29 75 80   55     153 1 26 51       59 156   17   1     126 17 42   17 42     59 156 1 26 51         1 8 51 17     59 75 42               201       268     1 26 51       29 75 80   55     149 1 26 51       59 156   17   1     121 17 42   17 42     59 156 1 26 51         1 8 51 17     59 75 42               195   268     1 26 51       29 75 80   55     153 1 26 51       59 156   17   1     126 17 42   17 42     59 156 1 26 51         1 8 51 17     59 75 42               201   261             228 268     1 26 51       29 75 80   55     146 1 26 51       59 156   17   1     116 17 42   17 42     59 156 1 26 51         1 8 51 17     59 75 42               189   268     1 26 51       29 75 80   55     146 1 26 51       59 156   17   1     116 17 42   17 42     59 156 1 26 51         1 8 51 17     59 75 42               189       237 268     1 26 51       29 75 80   55     146 1 26 51       59 156   17   1     116 17 42   17 42     59 156 1 26 51         1 8 51 17     59 75 42               189         255 259   246 268     1 26 51       29 75 80   55     146 1 26 51       59 156   17   1     116 17 42   17 42     59 156 1 26 51         1 8 51 17     59 75 42                   1 8 13 55   59 42 68 72     73       189         

865=210 116   219 268     1 26 51       29 75 80   55     149 1 26 51       59 156   17   1     121 17 42   17 42     59 156 1 26 51         1 8 51 17     59 75 42               195   268     1 26 51       29 75 80   55     149 1 26 51       59 156   17   1     121 17 42   17 42     59 156 1 26 51         1 8 51 17     59 75 42               195     268     1 26 51       29 75 80   55     153 1 26 51       59 156   17   1     126 17 42   17 42     59 156 1 26 51         1 8 51 17     59 75 42               201       268     1 26 51       29 75 80   55     153 1 26 51       59 156   17   1     126 17 42   17 42     59 156 1 26 51         1 8 51 17     59 75 42               201   261       268     1 26 51       29 75 80   55     149 1 26 51       59 156   17   1     121 17 42   17 42     59 156 1 26 51         1 8 51 17     59 75 42               195   268     1 26 51       29 75 80   55     149 1 26 51       59 156   17   1     121 17 42   17 42     59 156 1 26 51         1 8 51 17     59 75 42               195     268     1 26 51       29 75 80   55     153 1 26 51       59 156   17   1     126 17 42   17 42     59 156 1 26 51         1 8 51 17     59 75 42               201       268     1 26 51       29 75 80   55     153 1 26 51       59 156   17   1     126 17 42   17 42     59 156 1 26 51         1 8 51 17     59 75 42               201   261             228 268     1 26 51       29 75 80   55     149 1 26 51       59 156   17   1     121 17 42   17 42     59 156 1 26 51         1 8 51 17     59 75 42               195   268     1 26 51       29 75 80   55     149 1 26 51       59 156   17   1     121 17 42   17 42     59 156 1 26 51         1 8 51 17     59 75 42               195       237 268     1 26 51       29 75 80   55     149 1 26 51       59 156   17   1     121 17 42   17 42     59 156 1 26 51         1 8 51 17     59 75 42               195         255 260   246 268     1 26 51       29 75 80   55     149 1 26 51       59 156   17   1     121 17 42   17 42     59 156 1 26 51         1 8 51 17     59 75 42                   1 8 13 55   59 42 68 72     73       195         

866=8 138   91 17 42   17 42     59 156 1 26 51         1 8 51 17     59 75 42             143 59 156   1 26 51       55     268   1 26 51       17 29 75 80           159       51 138   96 17 42   17 42     59 156 1 26 51         1 8 51 17     59 75 42             146 59 156   1 26 51       55     268   1 26 51       17 29 75 80           165       51 138   96 17 42   17 42     59 156 1 26 51         1 8 51 17     59 75 42             146 59 156   1 26 51       55     268   1 26 51       17 29 75 80           165   17 138   101 17 42   17 42     59 156 1 26 51         1 8 51 17     59 75 42             149 59 156   1 26 51       55     268   1 26 51       17 29 75 80           171       51 138   96 17 42   17 42     59 156 1 26 51         1 8 51 17     59 75 42             146 59 156   1 26 51       55     268   1 26 51       17 29 75 80           165   17 138   101 17 42   17 42     59 156 1 26 51         1 8 51 17     59 75 42             149 59 156   1 26 51       55     268   1 26 51       17 29 75 80           171   152 138   106 17 42   17 42     59 156 1 26 51         1 8 51 17     59 75 42             153 59 156   1 26 51       55     268   1 26 51       17 29 75 80           177       51 138   96 17 42   17 42     59 156 1 26 51         1 8 51 17     59 75 42             146 59 156   1 26 51       55     268   1 26 51       17 29 75 80           165   17 138   101 17 42   17 42     59 156 1 26 51         1 8 51 17     59 75 42             149 59 156   1 26 51       55     268   1 26 51       17 29 75 80           171   152 138   106 17 42   17 42     59 156 1 26 51         1 8 51 17     59 75 42             153 59 156   1 26 51       55     268   1 26 51       17 29 75 80           177   268     1 26 51       29 75 80   55     143 1 26 51       59 156   17   1     111 17 42   17 42     59 156 1 26 51         1 8 51 17     59 75 42               183   268     1 26 51       29 75 80   55     146 1 26 51       59 156   17   1     116 17 42   17 42     59 156 1 26 51         1 8 51 17     59 75 42               189       268     1 26 51       29 75 80   55     146 1 26 51       59 156   17   1     116 17 42   17 42     59 156 1 26 51         1 8 51 17     59 75 42               189   268     1 26 51       29 75 80   55     149 1 26 51       59 156   17   1     121 17 42   17 42     59 156 1 26 51         1 8 51 17     59 75 42               195       268     1 26 51       29 75 80   55     146 1 26 51       59 156   17   1     116 17 42   17 42     59 156 1 26 51         1 8 51 17     59 75 42               189   268     1 26 51       29 75 80   55     149 1 26 51       59 156   17   1     121 17 42   17 42     59 156 1 26 51         1 8 51 17     59 75 42               195   268     1 26 51       29 75 80   55     153 1 26 51       59 156   17   1     126 17 42   17 42     59 156 1 26 51         1 8 51 17     59 75 42               201       268     1 26 51       29 75 80   55     146 1 26 51       59 156   17   1     116 17 42   17 42     59 156 1 26 51         1 8 51 17     59 75 42               189   268     1 26 51       29 75 80   55     149 1 26 51       59 156   17   1     121 17 42   17 42     59 156 1 26 51         1 8 51 17     59 75 42               195   268     1 26 51       29 75 80   55     153 1 26 51       59 156   17   1     126 17 42   17 42     59 156 1 26 51         1 8 51 17     59 75 42               201   261       268     1 26 51       29 75 80   55     143 1 26 51       59 156   17   1     111 17 42   17 42     59 156 1 26 51         1 8 51 17     59 75 42               183             8 138   91 17 42   17 42     59 156 1 26 51         1 8 51 17     59 75 42             143 59 156   1 26 51       55     268   1 26 51       17 29 75 80           159         

874=210 101   219 152 138   106 17 42   17 42     59 156 1 26 51         1 8 51 17     59 75 42             153 59 156   1 26 51       55     268   1 26 51       17 29 75 80           177   152 138   106 17 42   17 42     59 156 1 26 51         1 8 51 17     59 75 42             153 59 156   1 26 51       55     268   1 26 51       17 29 75 80           177     268     1 26 51       29 75 80   55     143 1 26 51       59 156   17   1     111 17 42   17 42     59 156 1 26 51         1 8 51 17     59 75 42               183   268     1 26 51       29 75 80   55     146 1 26 51       59 156   17   1     116 17 42   17 42     59 156 1 26 51         1 8 51 17     59 75 42               189       268     1 26 51       29 75 80   55     146 1 26 51       59 156   17   1     116 17 42   17 42     59 156 1 26 51         1 8 51 17     59 75 42               189   268     1 26 51       29 75 80   55     149 1 26 51       59 156   17   1     121 17 42   17 42     59 156 1 26 51         1 8 51 17     59 75 42               195       268     1 26 51       29 75 80   55     146 1 26 51       59 156   17   1     116 17 42   17 42     59 156 1 26 51         1 8 51 17     59 75 42               189   268     1 26 51       29 75 80   55     149 1 26 51       59 156   17   1     121 17 42   17 42     59 156 1 26 51         1 8 51 17     59 75 42               195   268     1 26 51       29 75 80   55     153 1 26 51       59 156   17   1     126 17 42   17 42     59 156 1 26 51         1 8 51 17     59 75 42               201       268     1 26 51       29 75 80   55     146 1 26 51       59 156   17   1     116 17 42   17 42     59 156 1 26 51         1 8 51 17     59 75 42               189   268     1 26 51       29 75 80   55     149 1 26 51       59 156   17   1     121 17 42   17 42     59 156 1 26 51         1 8 51 17     59 75 42               195   268     1 26 51       29 75 80   55     153 1 26 51       59 156   17   1     126 17 42   17 42     59 156 1 26 51         1 8 51 17     59 75 42               201   261       268     1 26 51       29 75 80   55     143 1 26 51       59 156   17   1     111 17 42   17 42     59 156 1 26 51         1 8 51 17     59 75 42               183           152 138   106 17 42   17 42     59 156 1 26 51         1 8 51 17     59 75 42             153 59 156   1 26 51       55     268   1 26 51       17 29 75 80           177   152 138   106 17 42   17 42     59 156 1 26 51         1 8 51 17     59 75 42             153 59 156   1 26 51       55     268   1 26 51       17 29 75 80           177     268     1 26 51       29 75 80   55     143 1 26 51       59 156   17   1     111 17 42   17 42     59 156 1 26 51         1 8 51 17     59 75 42               183   268     1 26 51       29 75 80   55     146 1 26 51       59 156   17   1     116 17 42   17 42     59 156 1 26 51         1 8 51 17     59 75 42               189       268     1 26 51       29 75 80   55     146 1 26 51       59 156   17   1     116 17 42   17 42     59 156 1 26 51         1 8 51 17     59 75 42               189   268     1 26 51       29 75 80   55     149 1 26 51       59 156   17   1     121 17 42   17 42     59 156 1 26 51         1 8 51 17     59 75 42               195       268     1 26 51       29 75 80   55     146 1 26 51       59 156   17   1     116 17 42   17 42     59 156 1 26 51         1 8 51 17     59 75 42               189   268     1 26 51       29 75 80   55     149 1 26 51       59 156   17   1     121 17 42   17 42     59 156 1 26 51         1 8 51 17     59 75 42               195   268     1 26 51       29 75 80   55     153 1 26 51       59 156   17   1     126 17 42   17 42     59 156 1 26 51         1 8 51 17     59 75 42               201       268     1 26 51       29 75 80   55     146 1 26 51       59 156   17   1     116 17 42   17 42     59 156 1 26 51         1 8 51 17     59 75 42               189   268     1 26 51       29 75 80   55     149 1 26 51       59 156   17   1     121 17 42   17 42     59 156 1 26 51         1 8 51 17     59 75 42               195   268     1 26 51       29 75 80   55     153 1 26 51       59 156   17   1     126 17 42   17 42     59 156 1 26 51         1 8 51 17     59 75 42               201   261       268     1 26 51       29 75 80   55     143 1 26 51       59 156   17   1     111 17 42   17 42     59 156 1 26 51         1 8 51 17     59 75 42               183                 228 152 138   106 17 42   17 42     59 156 1 26 51         1 8 51 17     59 75 42             153 59 156   1 26 51       55     268   1 26 51       17 29 75 80           177   152 138   106 17 42   17 42     59 156 1 26 51         1 8 51 17     59 75 42             153 59 156   1 26 51       55     268   1 26 51       17 29 75 80           177       237 152 138   106 17 42   17 42     59 156 1 26 51         1 8 51 17     59 75 42             153 59 156   1 26 51       55     268   1 26 51       17 29 75 80           177         246 152 138   106 17 42   17 42     59 156 1 26 51         1 8 51 17     59 75 42             153 59 156   1 26 51       55     268   1 26 51       17 29 75 80             1 8 13 55   59 42 68 72     73       177           

878=210 268       219 8 138   91 17 42   17 42     59 156 1 26 51         1 8 51 17     59 75 42             143 59 156   1 26 51       55     268   1 26 51       17 29 75 80           159   8 138   91 17 42   17 42     59 156 1 26 51         1 8 51 17     59 75 42             143 59 156   1 26 51       55     268   1 26 51       17 29 75 80           159     51 138   96 17 42   17 42     59 156 1 26 51         1 8 51 17     59 75 42             146 59 156   1 26 51       55     268   1 26 51       17 29 75 80           165       51 138   96 17 42   17 42     59 156 1 26 51         1 8 51 17     59 75 42             146 59 156   1 26 51       55     268   1 26 51       17 29 75 80           165   17 138   101 17 42   17 42     59 156 1 26 51         1 8 51 17     59 75 42             149 59 156   1 26 51       55     268   1 26 51       17 29 75 80           171       51 138   96 17 42   17 42     59 156 1 26 51         1 8 51 17     59 75 42             146 59 156   1 26 51       55     268   1 26 51       17 29 75 80           165   17 138   101 17 42   17 42     59 156 1 26 51         1 8 51 17     59 75 42             149 59 156   1 26 51       55     268   1 26 51       17 29 75 80           171   152 138   106 17 42   17 42     59 156 1 26 51         1 8 51 17     59 75 42             153 59 156   1 26 51       55     268   1 26 51       17 29 75 80           177       51 138   96 17 42   17 42     59 156 1 26 51         1 8 51 17     59 75 42             146 59 156   1 26 51       55     268   1 26 51       17 29 75 80           165   17 138   101 17 42   17 42     59 156 1 26 51         1 8 51 17     59 75 42             149 59 156   1 26 51       55     268   1 26 51       17 29 75 80           171   152 138   106 17 42   17 42     59 156 1 26 51         1 8 51 17     59 75 42             153 59 156   1 26 51       55     268   1 26 51       17 29 75 80           177   268     1 26 51       29 75 80   55     143 1 26 51       59 156   17   1     111 17 42   17 42     59 156 1 26 51         1 8 51 17     59 75 42               183   268     1 26 51       29 75 80   55     146 1 26 51       59 156   17   1     116 17 42   17 42     59 156 1 26 51         1 8 51 17     59 75 42               189       268     1 26 51       29 75 80   55     146 1 26 51       59 156   17   1     116 17 42   17 42     59 156 1 26 51         1 8 51 17     59 75 42               189   268     1 26 51       29 75 80   55     149 1 26 51       59 156   17   1     121 17 42   17 42     59 156 1 26 51         1 8 51 17     59 75 42               195       268     1 26 51       29 75 80   55     146 1 26 51       59 156   17   1     116 17 42   17 42     59 156 1 26 51         1 8 51 17     59 75 42               189   268     1 26 51       29 75 80   55     149 1 26 51       59 156   17   1     121 17 42   17 42     59 156 1 26 51         1 8 51 17     59 75 42               195   268     1 26 51       29 75 80   55     153 1 26 51       59 156   17   1     126 17 42   17 42     59 156 1 26 51         1 8 51 17     59 75 42               201       268     1 26 51       29 75 80   55     146 1 26 51       59 156   17   1     116 17 42   17 42     59 156 1 26 51         1 8 51 17     59 75 42               189   268     1 26 51       29 75 80   55     149 1 26 51       59 156   17   1     121 17 42   17 42     59 156 1 26 51         1 8 51 17     59 75 42               195   268     1 26 51       29 75 80   55     153 1 26 51       59 156   17   1     126 17 42   17 42     59 156 1 26 51         1 8 51 17     59 75 42               201   261       268     1 26 51       29 75 80   55     143 1 26 51       59 156   17   1     111 17 42   17 42     59 156 1 26 51         1 8 51 17     59 75 42               183               8 138   91 17 42   17 42     59 156 1 26 51         1 8 51 17     59 75 42             143 59 156   1 26 51       55     268   1 26 51       17 29 75 80           159   8 138   91 17 42   17 42     59 156 1 26 51         1 8 51 17     59 75 42             143 59 156   1 26 51       55     268   1 26 51       17 29 75 80           159     51 138   96 17 42   17 42     59 156 1 26 51         1 8 51 17     59 75 42             146 59 156   1 26 51       55     268   1 26 51       17 29 75 80           165       51 138   96 17 42   17 42     59 156 1 26 51         1 8 51 17     59 75 42             146 59 156   1 26 51       55     268   1 26 51       17 29 75 80           165   17 138   101 17 42   17 42     59 156 1 26 51         1 8 51 17     59 75 42             149 59 156   1 26 51       55     268   1 26 51       17 29 75 80           171       51 138   96 17 42   17 42     59 156 1 26 51         1 8 51 17     59 75 42             146 59 156   1 26 51       55     268   1 26 51       17 29 75 80           165   17 138   101 17 42   17 42     59 156 1 26 51         1 8 51 17     59 75 42             149 59 156   1 26 51       55     268   1 26 51       17 29 75 80           171   152 138   106 17 42   17 42     59 156 1 26 51         1 8 51 17     59 75 42             153 59 156   1 26 51       55     268   1 26 51       17 29 75 80           177       51 138   96 17 42   17 42     59 156 1 26 51         1 8 51 17     59 75 42             146 59 156   1 26 51       55     268   1 26 51       17 29 75 80           165   17 138   101 17 42   17 42     59 156 1 26 51         1 8 51 17     59 75 42             149 59 156   1 26 51       55     268   1 26 51       17 29 75 80           171   152 138   106 17 42   17 42     59 156 1 26 51         1 8 51 17     59 75 42             153 59 156   1 26 51       55     268   1 26 51       17 29 75 80           177   268     1 26 51       29 75 80   55     143 1 26 51       59 156   17   1     111 17 42   17 42     59 156 1 26 51         1 8 51 17     59 75 42               183   268     1 26 51       29 75 80   55     146 1 26 51       59 156   17   1     116 17 42   17 42     59 156 1 26 51         1 8 51 17     59 75 42               189       268     1 26 51       29 75 80   55     146 1 26 51       59 156   17   1     116 17 42   17 42     59 156 1 26 51         1 8 51 17     59 75 42               189   268     1 26 51       29 75 80   55     149 1 26 51       59 156   17   1     121 17 42   17 42     59 156 1 26 51         1 8 51 17     59 75 42               195       268     1 26 51       29 75 80   55     146 1 26 51       59 156   17   1     116 17 42   17 42     59 156 1 26 51         1 8 51 17     59 75 42               189   268     1 26 51       29 75 80   55     149 1 26 51       59 156   17   1     121 17 42   17 42     59 156 1 26 51         1 8 51 17     59 75 42               195   268     1 26 51       29 75 80   55     153 1 26 51       59 156   17   1     126 17 42   17 42     59 156 1 26 51         1 8 51 17     59 75 42               201       268     1 26 51       29 75 80   55     146 1 26 51       59 156   17   1     116 17 42   17 42     59 156 1 26 51         1 8 51 17     59 75 42               189   268     1 26 51       29 75 80   55     149 1 26 51       59 156   17   1     121 17 42   17 42     59 156 1 26 51         1 8 51 17     59 75 42               195   268     1 26 51       29 75 80   55     153 1 26 51       59 156   17   1     126 17 42   17 42     59 156 1 26 51         1 8 51 17     59 75 42               201   261       268     1 26 51       29 75 80   55     143 1 26 51       59 156   17   1     111 17 42   17 42     59 156 1 26 51         1 8 51 17     59 75 42               183                     228 8 138   91 17 42   17 42     59 156 1 26 51         1 8 51 17     59 75 42             143 59 156   1 26 51       55     268   1 26 51       17 29 75 80           159   8 138   91 17 42   17 42     59 156 1 26 51         1 8 51 17     59 75 42             143 59 156   1 26 51       55     268   1 26 51       17 29 75 80           159       237 8 138   91 17 42   17 42     59 156 1 26 51         1 8 51 17     59 75 42             143 59 156   1 26 51       55     268   1 26 51       17 29 75 80           159         246 8 138   91 17 42   17 42     59 156 1 26 51         1 8 51 17     59 75 42             143 59 156   1 26 51       55     268   1 26 51       17 29 75 80             1 8 13 55   59 42 68 72     73       159           

879=210 91   219 51 138   96 17 42   17 42     59 156 1 26 51         1 8 51 17     59 75 42             146 59 156   1 26 51       55     268   1 26 51       17 29 75 80           165   51 138   96 17 42   17 42     59 156 1 26 51         1 8 51 17     59 75 42             146 59 156   1 26 51       55     268   1 26 51       17 29 75 80           165     17 138   101 17 42   17 42     59 156 1 26 51         1 8 51 17     59 75 42             149 59 156   1 26 51       55     268   1 26 51       17 29 75 80           171       17 138   101 17 42   17 42     59 156 1 26 51         1 8 51 17     59 75 42             149 59 156   1 26 51       55     268   1 26 51       17 29 75 80           171   152 138   106 17 42   17 42     59 156 1 26 51         1 8 51 17     59 75 42             153 59 156   1 26 51       55     268   1 26 51       17 29 75 80           177       17 138   101 17 42   17 42     59 156 1 26 51         1 8 51 17     59 75 42             149 59 156   1 26 51       55     268   1 26 51       17 29 75 80           171   152 138   106 17 42   17 42     59 156 1 26 51         1 8 51 17     59 75 42             153 59 156   1 26 51       55     268   1 26 51       17 29 75 80           177   268     1 26 51       29 75 80   55     143 1 26 51       59 156   17   1     111 17 42   17 42     59 156 1 26 51         1 8 51 17     59 75 42               183   268     1 26 51       29 75 80   55     146 1 26 51       59 156   17   1     116 17 42   17 42     59 156 1 26 51         1 8 51 17     59 75 42               189       268     1 26 51       29 75 80   55     146 1 26 51       59 156   17   1     116 17 42   17 42     59 156 1 26 51         1 8 51 17     59 75 42               189   268     1 26 51       29 75 80   55     149 1 26 51       59 156   17   1     121 17 42   17 42     59 156 1 26 51         1 8 51 17     59 75 42               195       268     1 26 51       29 75 80   55     146 1 26 51       59 156   17   1     116 17 42   17 42     59 156 1 26 51         1 8 51 17     59 75 42               189   268     1 26 51       29 75 80   55     149 1 26 51       59 156   17   1     121 17 42   17 42     59 156 1 26 51         1 8 51 17     59 75 42               195   268     1 26 51       29 75 80   55     153 1 26 51       59 156   17   1     126 17 42   17 42     59 156 1 26 51         1 8 51 17     59 75 42               201       268     1 26 51       29 75 80   55     146 1 26 51       59 156   17   1     116 17 42   17 42     59 156 1 26 51         1 8 51 17     59 75 42               189   268     1 26 51       29 75 80   55     149 1 26 51       59 156   17   1     121 17 42   17 42     59 156 1 26 51         1 8 51 17     59 75 42               195   268     1 26 51       29 75 80   55     153 1 26 51       59 156   17   1     126 17 42   17 42     59 156 1 26 51         1 8 51 17     59 75 42               201   261       268     1 26 51       29 75 80   55     143 1 26 51       59 156   17   1     111 17 42   17 42     59 156 1 26 51         1 8 51 17     59 75 42               183               51 138   96 17 42   17 42     59 156 1 26 51         1 8 51 17     59 75 42             146 59 156   1 26 51       55     268   1 26 51       17 29 75 80           165   51 138   96 17 42   17 42     59 156 1 26 51         1 8 51 17     59 75 42             146 59 156   1 26 51       55     268   1 26 51       17 29 75 80           165     17 138   101 17 42   17 42     59 156 1 26 51         1 8 51 17     59 75 42             149 59 156   1 26 51       55     268   1 26 51       17 29 75 80           171       17 138   101 17 42   17 42     59 156 1 26 51         1 8 51 17     59 75 42             149 59 156   1 26 51       55     268   1 26 51       17 29 75 80           171   152 138   106 17 42   17 42     59 156 1 26 51         1 8 51 17     59 75 42             153 59 156   1 26 51       55     268   1 26 51       17 29 75 80           177       17 138   101 17 42   17 42     59 156 1 26 51         1 8 51 17     59 75 42             149 59 156   1 26 51       55     268   1 26 51       17 29 75 80           171   152 138   106 17 42   17 42     59 156 1 26 51         1 8 51 17     59 75 42             153 59 156   1 26 51       55     268   1 26 51       17 29 75 80           177   268     1 26 51       29 75 80   55     143 1 26 51       59 156   17   1     111 17 42   17 42     59 156 1 26 51         1 8 51 17     59 75 42               183   268     1 26 51       29 75 80   55     146 1 26 51       59 156   17   1     116 17 42   17 42     59 156 1 26 51         1 8 51 17     59 75 42               189       268     1 26 51       29 75 80   55     146 1 26 51       59 156   17   1     116 17 42   17 42     59 156 1 26 51         1 8 51 17     59 75 42               189   268     1 26 51       29 75 80   55     149 1 26 51       59 156   17   1     121 17 42   17 42     59 156 1 26 51         1 8 51 17     59 75 42               195       268     1 26 51       29 75 80   55     146 1 26 51       59 156   17   1     116 17 42   17 42     59 156 1 26 51         1 8 51 17     59 75 42               189   268     1 26 51       29 75 80   55     149 1 26 51       59 156   17   1     121 17 42   17 42     59 156 1 26 51         1 8 51 17     59 75 42               195   268     1 26 51       29 75 80   55     153 1 26 51       59 156   17   1     126 17 42   17 42     59 156 1 26 51         1 8 51 17     59 75 42               201       268     1 26 51       29 75 80   55     146 1 26 51       59 156   17   1     116 17 42   17 42     59 156 1 26 51         1 8 51 17     59 75 42               189   268     1 26 51       29 75 80   55     149 1 26 51       59 156   17   1     121 17 42   17 42     59 156 1 26 51         1 8 51 17     59 75 42               195   268     1 26 51       29 75 80   55     153 1 26 51       59 156   17   1     126 17 42   17 42     59 156 1 26 51         1 8 51 17     59 75 42               201   261       268     1 26 51       29 75 80   55     143 1 26 51       59 156   17   1     111 17 42   17 42     59 156 1 26 51         1 8 51 17     59 75 42               183                     228 51 138   96 17 42   17 42     59 156 1 26 51         1 8 51 17     59 75 42             146 59 156   1 26 51       55     268   1 26 51       17 29 75 80           165   51 138   96 17 42   17 42     59 156 1 26 51         1 8 51 17     59 75 42             146 59 156   1 26 51       55     268   1 26 51       17 29 75 80           165       237 51 138   96 17 42   17 42     59 156 1 26 51         1 8 51 17     59 75 42             146 59 156   1 26 51       55     268   1 26 51       17 29 75 80           165         246 51 138   96 17 42   17 42     59 156 1 26 51         1 8 51 17     59 75 42             146 59 156   1 26 51       55     268   1 26 51       17 29 75 80             1 8 13 55   59 42 68 72     73       165           

880=210 96   219 17 138   101 17 42   17 42     59 156 1 26 51         1 8 51 17     59 75 42             149 59 156   1 26 51       55     268   1 26 51       17 29 75 80           171   17 138   101 17 42   17 42     59 156 1 26 51         1 8 51 17     59 75 42             149 59 156   1 26 51       55     268   1 26 51       17 29 75 80           171     152 138   106 17 42   17 42     59 156 1 26 51         1 8 51 17     59 75 42             153 59 156   1 26 51       55     268   1 26 51       17 29 75 80           177       152 138   106 17 42   17 42     59 156 1 26 51         1 8 51 17     59 75 42             153 59 156   1 26 51       55     268   1 26 51       17 29 75 80           177   268     1 26 51       29 75 80   55     143 1 26 51       59 156   17   1     111 17 42   17 42     59 156 1 26 51         1 8 51 17     59 75 42               183   268     1 26 51       29 75 80   55     146 1 26 51       59 156   17   1     116 17 42   17 42     59 156 1 26 51         1 8 51 17     59 75 42               189       268     1 26 51       29 75 80   55     146 1 26 51       59 156   17   1     116 17 42   17 42     59 156 1 26 51         1 8 51 17     59 75 42               189   268     1 26 51       29 75 80   55     149 1 26 51       59 156   17   1     121 17 42   17 42     59 156 1 26 51         1 8 51 17     59 75 42               195       268     1 26 51       29 75 80   55     146 1 26 51       59 156   17   1     116 17 42   17 42     59 156 1 26 51         1 8 51 17     59 75 42               189   268     1 26 51       29 75 80   55     149 1 26 51       59 156   17   1     121 17 42   17 42     59 156 1 26 51         1 8 51 17     59 75 42               195   268     1 26 51       29 75 80   55     153 1 26 51       59 156   17   1     126 17 42   17 42     59 156 1 26 51         1 8 51 17     59 75 42               201       268     1 26 51       29 75 80   55     146 1 26 51       59 156   17   1     116 17 42   17 42     59 156 1 26 51         1 8 51 17     59 75 42               189   268     1 26 51       29 75 80   55     149 1 26 51       59 156   17   1     121 17 42   17 42     59 156 1 26 51         1 8 51 17     59 75 42               195   268     1 26 51       29 75 80   55     153 1 26 51       59 156   17   1     126 17 42   17 42     59 156 1 26 51         1 8 51 17     59 75 42               201   261       268     1 26 51       29 75 80   55     143 1 26 51       59 156   17   1     111 17 42   17 42     59 156 1 26 51         1 8 51 17     59 75 42               183               17 138   101 17 42   17 42     59 156 1 26 51         1 8 51 17     59 75 42             149 59 156   1 26 51       55     268   1 26 51       17 29 75 80           171   17 138   101 17 42   17 42     59 156 1 26 51         1 8 51 17     59 75 42             149 59 156   1 26 51       55     268   1 26 51       17 29 75 80           171     152 138   106 17 42   17 42     59 156 1 26 51         1 8 51 17     59 75 42             153 59 156   1 26 51       55     268   1 26 51       17 29 75 80           177       152 138   106 17 42   17 42     59 156 1 26 51         1 8 51 17     59 75 42             153 59 156   1 26 51       55     268   1 26 51       17 29 75 80           177   268     1 26 51       29 75 80   55     143 1 26 51       59 156   17   1     111 17 42   17 42     59 156 1 26 51         1 8 51 17     59 75 42               183   268     1 26 51       29 75 80   55     146 1 26 51       59 156   17   1     116 17 42   17 42     59 156 1 26 51         1 8 51 17     59 75 42               189       268     1 26 51       29 75 80   55     146 1 26 51       59 156   17   1     116 17 42   17 42     59 156 1 26 51         1 8 51 17     59 75 42               189   268     1 26 51       29 75 80   55     149 1 26 51       59 156   17   1     121 17 42   17 42     59 156 1 26 51         1 8 51 17     59 75 42               195       268     1 26 51       29 75 80   55     146 1 26 51       59 156   17   1     116 17 42   17 42     59 156 1 26 51         1 8 51 17     59 75 42               189   268     1 26 51       29 75 80   55     149 1 26 51       59 156   17   1     121 17 42   17 42     59 156 1 26 51         1 8 51 17     59 75 42               195   268     1 26 51       29 75 80   55     153 1 26 51       59 156   17   1     126 17 42   17 42     59 156 1 26 51         1 8 51 17     59 75 42               201       268     1 26 51       29 75 80   55     146 1 26 51       59 156   17   1     116 17 42   17 42     59 156 1 26 51         1 8 51 17     59 75 42               189   268     1 26 51       29 75 80   55     149 1 26 51       59 156   17   1     121 17 42   17 42     59 156 1 26 51         1 8 51 17     59 75 42               195   268     1 26 51       29 75 80   55     153 1 26 51       59 156   17   1     126 17 42   17 42     59 156 1 26 51         1 8 51 17     59 75 42               201   261       268     1 26 51       29 75 80   55     143 1 26 51       59 156   17   1     111 17 42   17 42     59 156 1 26 51         1 8 51 17     59 75 42               183                     228 17 138   101 17 42   17 42     59 156 1 26 51         1 8 51 17     59 75 42             149 59 156   1 26 51       55     268   1 26 51       17 29 75 80           171   17 138   101 17 42   17 42     59 156 1 26 51         1 8 51 17     59 75 42             149 59 156   1 26 51       55     268   1 26 51       17 29 75 80           171       237 17 138   101 17 42   17 42     59 156 1 26 51         1 8 51 17     59 75 42             149 59 156   1 26 51       55     268   1 26 51       17 29 75 80           171         246 17 138   101 17 42   17 42     59 156 1 26 51         1 8 51 17     59 75 42             149 59 156   1 26 51       55     268   1 26 51       17 29 75 80             1 8 13 55   59 42 68 72     73       171           

388=29 75 42   

389=29 36 80   

390=29 36 42   

391=85 86   

418=1 8 13 17     

419=1 26 13 17   29 36 42     

420=59 75 80     

421=59 36 80     

422=59 36 42     

423=90 87 88     

446=1 26 13 17   29 36 42       

447=1 26 51       

448=1 8 13 55   29 68       

449=1 8 13 55   59 68 74       

450=89 87 88       

767=130 91 96   91 96     101 106   101 106       91 96   91 96       101 106   101 106             130 91 96   91 96     101 106   101 106       91 96   91 96       101 106   101 106               111 116   111 116     121 126   121 126       111 116   111 116       121 126   121 126           135   111 116   111 116     121 126   121 126       111 116   111 116       121 126   121 126           135       130 91 96   91 96     101 106   101 106       91 96   91 96       101 106   101 106             130 91 96   91 96     101 106   101 106       91 96   91 96       101 106   101 106                 111 116   111 116     121 126   121 126       111 116   111 116       121 126   121 126           135   111 116   111 116     121 126   121 126       111 116   111 116       121 126   121 126           135           

768=130 159 165   159 165     171 177   171 177       159 165   159 165       171 177   171 177             130 159 165   159 165     171 177   171 177       159 165   159 165       171 177   171 177               183 189   183 189     195 201   195 201       183 189   183 189       195 201   195 201           207   183 189   183 189     195 201   195 201       183 189   183 189       195 201   195 201           207       130 159 165   159 165     171 177   171 177       159 165   159 165       171 177   171 177             130 159 165   159 165     171 177   171 177       159 165   159 165       171 177   171 177                 183 189   183 189     195 201   195 201       183 189   183 189       195 201   195 201           207   183 189   183 189     195 201   195 201       183 189   183 189       195 201   195 201           207           

850=210 121   219 268     1 26 51       29 75 80   55     153 1 26 51       59 156   17   1     126 17 42   17 42     59 156 1 26 51         1 8 51 17     59 75 42               201   268     1 26 51       29 75 80   55     153 1 26 51       59 156   17   1     126 17 42   17 42     59 156 1 26 51         1 8 51 17     59 75 42               201     261   268     1 26 51       29 75 80   55     153 1 26 51       59 156   17   1     126 17 42   17 42     59 156 1 26 51         1 8 51 17     59 75 42               201   268     1 26 51       29 75 80   55     153 1 26 51       59 156   17   1     126 17 42   17 42     59 156 1 26 51         1 8 51 17     59 75 42               201     261         228 268     1 26 51       29 75 80   55     153 1 26 51       59 156   17   1     126 17 42   17 42     59 156 1 26 51         1 8 51 17     59 75 42               201   268     1 26 51       29 75 80   55     153 1 26 51       59 156   17   1     126 17 42   17 42     59 156 1 26 51         1 8 51 17     59 75 42               201       237 268     1 26 51       29 75 80   55     153 1 26 51       59 156   17   1     126 17 42   17 42     59 156 1 26 51         1 8 51 17     59 75 42               201         255 267   246 268     1 26 51       29 75 80   55     153 1 26 51       59 156   17   1     126 17 42   17 42     59 156 1 26 51         1 8 51 17     59 75 42                   1 8 13 55   59 42 68 72     73       201         

863=210 106   219 268     1 26 51       29 75 80   55     143 1 26 51       59 156   17   1     111 17 42   17 42     59 156 1 26 51         1 8 51 17     59 75 42               183   268     1 26 51       29 75 80   55     143 1 26 51       59 156   17   1     111 17 42   17 42     59 156 1 26 51         1 8 51 17     59 75 42               183     268     1 26 51       29 75 80   55     146 1 26 51       59 156   17   1     116 17 42   17 42     59 156 1 26 51         1 8 51 17     59 75 42               189       268     1 26 51       29 75 80   55     146 1 26 51       59 156   17   1     116 17 42   17 42     59 156 1 26 51         1 8 51 17     59 75 42               189   268     1 26 51       29 75 80   55     149 1 26 51       59 156   17   1     121 17 42   17 42     59 156 1 26 51         1 8 51 17     59 75 42               195       268     1 26 51       29 75 80   55     146 1 26 51       59 156   17   1     116 17 42   17 42     59 156 1 26 51         1 8 51 17     59 75 42               189   268     1 26 51       29 75 80   55     149 1 26 51       59 156   17   1     121 17 42   17 42     59 156 1 26 51         1 8 51 17     59 75 42               195   268     1 26 51       29 75 80   55     153 1 26 51       59 156   17   1     126 17 42   17 42     59 156 1 26 51         1 8 51 17     59 75 42               201       268     1 26 51       29 75 80   55     146 1 26 51       59 156   17   1     116 17 42   17 42     59 156 1 26 51         1 8 51 17     59 75 42               189   268     1 26 51       29 75 80   55     149 1 26 51       59 156   17   1     121 17 42   17 42     59 156 1 26 51         1 8 51 17     59 75 42               195   268     1 26 51       29 75 80   55     153 1 26 51       59 156   17   1     126 17 42   17 42     59 156 1 26 51         1 8 51 17     59 75 42               201   261       268     1 26 51       29 75 80   55     143 1 26 51       59 156   17   1     111 17 42   17 42     59 156 1 26 51         1 8 51 17     59 75 42               183   268     1 26 51       29 75 80   55     143 1 26 51       59 156   17   1     111 17 42   17 42     59 156 1 26 51         1 8 51 17     59 75 42               183     268     1 26 51       29 75 80   55     146 1 26 51       59 156   17   1     116 17 42   17 42     59 156 1 26 51         1 8 51 17     59 75 42               189       268     1 26 51       29 75 80   55     146 1 26 51       59 156   17   1     116 17 42   17 42     59 156 1 26 51         1 8 51 17     59 75 42               189   268     1 26 51       29 75 80   55     149 1 26 51       59 156   17   1     121 17 42   17 42     59 156 1 26 51         1 8 51 17     59 75 42               195       268     1 26 51       29 75 80   55     146 1 26 51       59 156   17   1     116 17 42   17 42     59 156 1 26 51         1 8 51 17     59 75 42               189   268     1 26 51       29 75 80   55     149 1 26 51       59 156   17   1     121 17 42   17 42     59 156 1 26 51         1 8 51 17     59 75 42               195   268     1 26 51       29 75 80   55     153 1 26 51       59 156   17   1     126 17 42   17 42     59 156 1 26 51         1 8 51 17     59 75 42               201       268     1 26 51       29 75 80   55     146 1 26 51       59 156   17   1     116 17 42   17 42     59 156 1 26 51         1 8 51 17     59 75 42               189   268     1 26 51       29 75 80   55     149 1 26 51       59 156   17   1     121 17 42   17 42     59 156 1 26 51         1 8 51 17     59 75 42               195   268     1 26 51       29 75 80   55     153 1 26 51       59 156   17   1     126 17 42   17 42     59 156 1 26 51         1 8 51 17     59 75 42               201   261             228 268     1 26 51       29 75 80   55     143 1 26 51       59 156   17   1     111 17 42   17 42     59 156 1 26 51         1 8 51 17     59 75 42               183   268     1 26 51       29 75 80   55     143 1 26 51       59 156   17   1     111 17 42   17 42     59 156 1 26 51         1 8 51 17     59 75 42               183       237 268     1 26 51       29 75 80   55     143 1 26 51       59 156   17   1     111 17 42   17 42     59 156 1 26 51         1 8 51 17     59 75 42               183         246 268     1 26 51       29 75 80   55     143 1 26 51       59 156   17   1     111 17 42   17 42     59 156 1 26 51         1 8 51 17     59 75 42                 1 8 13 55   59 42 68 72     73       183           

864=210 111   219 268     1 26 51       29 75 80   55     146 1 26 51       59 156   17   1     116 17 42   17 42     59 156 1 26 51         1 8 51 17     59 75 42               189   268     1 26 51       29 75 80   55     146 1 26 51       59 156   17   1     116 17 42   17 42     59 156 1 26 51         1 8 51 17     59 75 42               189     268     1 26 51       29 75 80   55     149 1 26 51       59 156   17   1     121 17 42   17 42     59 156 1 26 51         1 8 51 17     59 75 42               195       268     1 26 51       29 75 80   55     149 1 26 51       59 156   17   1     121 17 42   17 42     59 156 1 26 51         1 8 51 17     59 75 42               195   268     1 26 51       29 75 80   55     153 1 26 51       59 156   17   1     126 17 42   17 42     59 156 1 26 51         1 8 51 17     59 75 42               201       268     1 26 51       29 75 80   55     149 1 26 51       59 156   17   1     121 17 42   17 42     59 156 1 26 51         1 8 51 17     59 75 42               195   268     1 26 51       29 75 80   55     153 1 26 51       59 156   17   1     126 17 42   17 42     59 156 1 26 51         1 8 51 17     59 75 42               201   261       268     1 26 51       29 75 80   55     146 1 26 51       59 156   17   1     116 17 42   17 42     59 156 1 26 51         1 8 51 17     59 75 42               189   268     1 26 51       29 75 80   55     146 1 26 51       59 156   17   1     116 17 42   17 42     59 156 1 26 51         1 8 51 17     59 75 42               189     268     1 26 51       29 75 80   55     149 1 26 51       59 156   17   1     121 17 42   17 42     59 156 1 26 51         1 8 51 17     59 75 42               195       268     1 26 51       29 75 80   55     149 1 26 51       59 156   17   1     121 17 42   17 42     59 156 1 26 51         1 8 51 17     59 75 42               195   268     1 26 51       29 75 80   55     153 1 26 51       59 156   17   1     126 17 42   17 42     59 156 1 26 51         1 8 51 17     59 75 42               201       268     1 26 51       29 75 80   55     149 1 26 51       59 156   17   1     121 17 42   17 42     59 156 1 26 51         1 8 51 17     59 75 42               195   268     1 26 51       29 75 80   55     153 1 26 51       59 156   17   1     126 17 42   17 42     59 156 1 26 51         1 8 51 17     59 75 42               201   261             228 268     1 26 51       29 75 80   55     146 1 26 51       59 156   17   1     116 17 42   17 42     59 156 1 26 51         1 8 51 17     59 75 42               189   268     1 26 51       29 75 80   55     146 1 26 51       59 156   17   1     116 17 42   17 42     59 156 1 26 51         1 8 51 17     59 75 42               189       237 268     1 26 51       29 75 80   55     146 1 26 51       59 156   17   1     116 17 42   17 42     59 156 1 26 51         1 8 51 17     59 75 42               189         255 259   246 268     1 26 51       29 75 80   55     146 1 26 51       59 156   17   1     116 17 42   17 42     59 156 1 26 51         1 8 51 17     59 75 42                   1 8 13 55   59 42 68 72     73       189         

865=210 116   219 268     1 26 51       29 75 80   55     149 1 26 51       59 156   17   1     121 17 42   17 42     59 156 1 26 51         1 8 51 17     59 75 42               195   268     1 26 51       29 75 80   55     149 1 26 51       59 156   17   1     121 17 42   17 42     59 156 1 26 51         1 8 51 17     59 75 42               195     268     1 26 51       29 75 80   55     153 1 26 51       59 156   17   1     126 17 42   17 42     59 156 1 26 51         1 8 51 17     59 75 42               201       268     1 26 51       29 75 80   55     153 1 26 51       59 156   17   1     126 17 42   17 42     59 156 1 26 51         1 8 51 17     59 75 42               201   261       268     1 26 51       29 75 80   55     149 1 26 51       59 156   17   1     121 17 42   17 42     59 156 1 26 51         1 8 51 17     59 75 42               195   268     1 26 51       29 75 80   55     149 1 26 51       59 156   17   1     121 17 42   17 42     59 156 1 26 51         1 8 51 17     59 75 42               195     268     1 26 51       29 75 80   55     153 1 26 51       59 156   17   1     126 17 42   17 42     59 156 1 26 51         1 8 51 17     59 75 42               201       268     1 26 51       29 75 80   55     153 1 26 51       59 156   17   1     126 17 42   17 42     59 156 1 26 51         1 8 51 17     59 75 42               201   261             228 268     1 26 51       29 75 80   55     149 1 26 51       59 156   17   1     121 17 42   17 42     59 156 1 26 51         1 8 51 17     59 75 42               195   268     1 26 51       29 75 80   55     149 1 26 51       59 156   17   1     121 17 42   17 42     59 156 1 26 51         1 8 51 17     59 75 42               195       237 268     1 26 51       29 75 80   55     149 1 26 51       59 156   17   1     121 17 42   17 42     59 156 1 26 51         1 8 51 17     59 75 42               195         255 260   246 268     1 26 51       29 75 80   55     149 1 26 51       59 156   17   1     121 17 42   17 42     59 156 1 26 51         1 8 51 17     59 75 42                   1 8 13 55   59 42 68 72     73       195         

866=8 138   91 17 42   17 42     59 156 1 26 51         1 8 51 17     59 75 42             143 59 156   1 26 51       55     268   1 26 51       17 29 75 80           159       51 138   96 17 42   17 42     59 156 1 26 51         1 8 51 17     59 75 42             146 59 156   1 26 51       55     268   1 26 51       17 29 75 80           165       51 138   96 17 42   17 42     59 156 1 26 51         1 8 51 17     59 75 42             146 59 156   1 26 51       55     268   1 26 51       17 29 75 80           165   17 138   101 17 42   17 42     59 156 1 26 51         1 8 51 17     59 75 42             149 59 156   1 26 51       55     268   1 26 51       17 29 75 80           171       51 138   96 17 42   17 42     59 156 1 26 51         1 8 51 17     59 75 42             146 59 156   1 26 51       55     268   1 26 51       17 29 75 80           165   17 138   101 17 42   17 42     59 156 1 26 51         1 8 51 17     59 75 42             149 59 156   1 26 51       55     268   1 26 51       17 29 75 80           171   152 138   106 17 42   17 42     59 156 1 26 51         1 8 51 17     59 75 42             153 59 156   1 26 51       55     268   1 26 51       17 29 75 80           177       51 138   96 17 42   17 42     59 156 1 26 51         1 8 51 17     59 75 42             146 59 156   1 26 51       55     268   1 26 51       17 29 75 80           165   17 138   101 17 42   17 42     59 156 1 26 51         1 8 51 17     59 75 42             149 59 156   1 26 51       55     268   1 26 51       17 29 75 80           171   152 138   106 17 42   17 42     59 156 1 26 51         1 8 51 17     59 75 42             153 59 156   1 26 51       55     268   1 26 51       17 29 75 80           177   268     1 26 51       29 75 80   55     143 1 26 51       59 156   17   1     111 17 42   17 42     59 156 1 26 51         1 8 51 17     59 75 42               183   268     1 26 51       29 75 80   55     146 1 26 51       59 156   17   1     116 17 42   17 42     59 156 1 26 51         1 8 51 17     59 75 42               189       268     1 26 51       29 75 80   55     146 1 26 51       59 156   17   1     116 17 42   17 42     59 156 1 26 51         1 8 51 17     59 75 42               189   268     1 26 51       29 75 80   55     149 1 26 51       59 156   17   1     121 17 42   17 42     59 156 1 26 51         1 8 51 17     59 75 42               195       268     1 26 51       29 75 80   55     146 1 26 51       59 156   17   1     116 17 42   17 42     59 156 1 26 51         1 8 51 17     59 75 42               189   268     1 26 51       29 75 80   55     149 1 26 51       59 156   17   1     121 17 42   17 42     59 156 1 26 51         1 8 51 17     59 75 42               195   268     1 26 51       29 75 80   55     153 1 26 51       59 156   17   1     126 17 42   17 42     59 156 1 26 51         1 8 51 17     59 75 42               201       268     1 26 51       29 75 80   55     146 1 26 51       59 156   17   1     116 17 42   17 42     59 156 1 26 51         1 8 51 17     59 75 42               189   268     1 26 51       29 75 80   55     149 1 26 51       59 156   17   1     121 17 42   17 42     59 156 1 26 51         1 8 51 17     59 75 42               195   268     1 26 51       29 75 80   55     153 1 26 51       59 156   17   1     126 17 42   17 42     59 156 1 26 51         1 8 51 17     59 75 42               201   261       268     1 26 51       29 75 80   55     143 1 26 51       59 156   17   1     111 17 42   17 42     59 156 1 26 51         1 8 51 17     59 75 42               183             8 138   91 17 42   17 42     59 156 1 26 51         1 8 51 17     59 75 42             143 59 156   1 26 51       55     268   1 26 51       17 29 75 80           159         

874=210 101   219 152 138   106 17 42   17 42     59 156 1 26 51         1 8 51 17     59 75 42             153 59 156   1 26 51       55     268   1 26 51       17 29 75 80           177   152 138   106 17 42   17 42     59 156 1 26 51         1 8 51 17     59 75 42             153 59 156   1 26 51       55     268   1 26 51       17 29 75 80           177     268     1 26 51       29 75 80   55     143 1 26 51       59 156   17   1     111 17 42   17 42     59 156 1 26 51         1 8 51 17     59 75 42               183   268     1 26 51       29 75 80   55     146 1 26 51       59 156   17   1     116 17 42   17 42     59 156 1 26 51         1 8 51 17     59 75 42               189       268     1 26 51       29 75 80   55     146 1 26 51       59 156   17   1     116 17 42   17 42     59 156 1 26 51         1 8 51 17     59 75 42               189   268     1 26 51       29 75 80   55     149 1 26 51       59 156   17   1     121 17 42   17 42     59 156 1 26 51         1 8 51 17     59 75 42               195       268     1 26 51       29 75 80   55     146 1 26 51       59 156   17   1     116 17 42   17 42     59 156 1 26 51         1 8 51 17     59 75 42               189   268     1 26 51       29 75 80   55     149 1 26 51       59 156   17   1     121 17 42   17 42     59 156 1 26 51         1 8 51 17     59 75 42               195   268     1 26 51       29 75 80   55     153 1 26 51       59 156   17   1     126 17 42   17 42     59 156 1 26 51         1 8 51 17     59 75 42               201       268     1 26 51       29 75 80   55     146 1 26 51       59 156   17   1     116 17 42   17 42     59 156 1 26 51         1 8 51 17     59 75 42               189   268     1 26 51       29 75 80   55     149 1 26 51       59 156   17   1     121 17 42   17 42     59 156 1 26 51         1 8 51 17     59 75 42               195   268     1 26 51       29 75 80   55     153 1 26 51       59 156   17   1     126 17 42   17 42     59 156 1 26 51         1 8 51 17     59 75 42               201   261       268     1 26 51       29 75 80   55     143 1 26 51       59 156   17   1     111 17 42   17 42     59 156 1 26 51         1 8 51 17     59 75 42               183           152 138   106 17 42   17 42     59 156 1 26 51         1 8 51 17     59 75 42             153 59 156   1 26 51       55     268   1 26 51       17 29 75 80           177   152 138   106 17 42   17 42     59 156 1 26 51         1 8 51 17     59 75 42             153 59 156   1 26 51       55     268   1 26 51       17 29 75 80           177     268     1 26 51       29 75 80   55     143 1 26 51       59 156   17   1     111 17 42   17 42     59 156 1 26 51         1 8 51 17     59 75 42               183   268     1 26 51       29 75 80   55     146 1 26 51       59 156   17   1     116 17 42   17 42     59 156 1 26 51         1 8 51 17     59 75 42               189       268     1 26 51       29 75 80   55     146 1 26 51       59 156   17   1     116 17 42   17 42     59 156 1 26 51         1 8 51 17     59 75 42               189   268     1 26 51       29 75 80   55     149 1 26 51       59 156   17   1     121 17 42   17 42     59 156 1 26 51         1 8 51 17     59 75 42               195       268     1 26 51       29 75 80   55     146 1 26 51       59 156   17   1     116 17 42   17 42     59 156 1 26 51         1 8 51 17     59 75 42               189   268     1 26 51       29 75 80   55     149 1 26 51       59 156   17   1     121 17 42   17 42     59 156 1 26 51         1 8 51 17     59 75 42               195   268     1 26 51       29 75 80   55     153 1 26 51       59 156   17   1     126 17 42   17 42     59 156 1 26 51         1 8 51 17     59 75 42               201       268     1 26 51       29 75 80   55     146 1 26 51       59 156   17   1     116 17 42   17 42     59 156 1 26 51         1 8 51 17     59 75 42               189   268     1 26 51       29 75 80   55     149 1 26 51       59 156   17   1     121 17 42   17 42     59 156 1 26 51         1 8 51 17     59 75 42               195   268     1 26 51       29 75 80   55     153 1 26 51       59 156   17   1     126 17 42   17 42     59 156 1 26 51         1 8 51 17     59 75 42               201   261       268     1 26 51       29 75 80   55     143 1 26 51       59 156   17   1     111 17 42   17 42     59 156 1 26 51         1 8 51 17     59 75 42               183                 228 152 138   106 17 42   17 42     59 156 1 26 51         1 8 51 17     59 75 42             153 59 156   1 26 51       55     268   1 26 51       17 29 75 80           177   152 138   106 17 42   17 42     59 156 1 26 51         1 8 51 17     59 75 42             153 59 156   1 26 51       55     268   1 26 51       17 29 75 80           177       237 152 138   106 17 42   17 42     59 156 1 26 51         1 8 51 17     59 75 42             153 59 156   1 26 51       55     268   1 26 51       17 29 75 80           177         246 152 138   106 17 42   17 42     59 156 1 26 51         1 8 51 17     59 75 42             153 59 156   1 26 51       55     268   1 26 51       17 29 75 80             1 8 13 55   59 42 68 72     73       177           

878=210 268       219 8 138   91 17 42   17 42     59 156 1 26 51         1 8 51 17     59 75 42             143 59 156   1 26 51       55     268   1 26 51       17 29 75 80           159   8 138   91 17 42   17 42     59 156 1 26 51         1 8 51 17     59 75 42             143 59 156   1 26 51       55     268   1 26 51       17 29 75 80           159     51 138   96 17 42   17 42     59 156 1 26 51         1 8 51 17     59 75 42             146 59 156   1 26 51       55     268   1 26 51       17 29 75 80           165       51 138   96 17 42   17 42     59 156 1 26 51         1 8 51 17     59 75 42             146 59 156   1 26 51       55     268   1 26 51       17 29 75 80           165   17 138   101 17 42   17 42     59 156 1 26 51         1 8 51 17     59 75 42             149 59 156   1 26 51       55     268   1 26 51       17 29 75 80           171       51 138   96 17 42   17 42     59 156 1 26 51         1 8 51 17     59 75 42             146 59 156   1 26 51       55     268   1 26 51       17 29 75 80           165   17 138   101 17 42   17 42     59 156 1 26 51         1 8 51 17     59 75 42             149 59 156   1 26 51       55     268   1 26 51       17 29 75 80           171   152 138   106 17 42   17 42     59 156 1 26 51         1 8 51 17     59 75 42             153 59 156   1 26 51       55     268   1 26 51       17 29 75 80           177       51 138   96 17 42   17 42     59 156 1 26 51         1 8 51 17     59 75 42             146 59 156   1 26 51       55     268   1 26 51       17 29 75 80           165   17 138   101 17 42   17 42     59 156 1 26 51         1 8 51 17     59 75 42             149 59 156   1 26 51       55     268   1 26 51       17 29 75 80           171   152 138   106 17 42   17 42     59 156 1 26 51         1 8 51 17     59 75 42             153 59 156   1 26 51       55     268   1 26 51       17 29 75 80           177   268     1 26 51       29 75 80   55     143 1 26 51       59 156   17   1     111 17 42   17 42     59 156 1 26 51         1 8 51 17     59 75 42               183   268     1 26 51       29 75 80   55     146 1 26 51       59 156   17   1     116 17 42   17 42     59 156 1 26 51         1 8 51 17     59 75 42               189       268     1 26 51       29 75 80   55     146 1 26 51       59 156   17   1     116 17 42   17 42     59 156 1 26 51         1 8 51 17     59 75 42               189   268     1 26 51       29 75 80   55     149 1 26 51       59 156   17   1     121 17 42   17 42     59 156 1 26 51         1 8 51 17     59 75 42               195       268     1 26 51       29 75 80   55     146 1 26 51       59 156   17   1     116 17 42   17 42     59 156 1 26 51         1 8 51 17     59 75 42               189   268     1 26 51       29 75 80   55     149 1 26 51       59 156   17   1     121 17 42   17 42     59 156 1 26 51         1 8 51 17     59 75 42               195   268     1 26 51       29 75 80   55     153 1 26 51       59 156   17   1     126 17 42   17 42     59 156 1 26 51         1 8 51 17     59 75 42               201       268     1 26 51       29 75 80   55     146 1 26 51       59 156   17   1     116 17 42   17 42     59 156 1 26 51         1 8 51 17     59 75 42               189   268     1 26 51       29 75 80   55     149 1 26 51       59 156   17   1     121 17 42   17 42     59 156 1 26 51         1 8 51 17     59 75 42               195   268     1 26 51       29 75 80   55     153 1 26 51       59 156   17   1     126 17 42   17 42     59 156 1 26 51         1 8 51 17     59 75 42               201   261       268     1 26 51       29 75 80   55     143 1 26 51       59 156   17   1     111 17 42   17 42     59 156 1 26 51         1 8 51 17     59 75 42               183               8 138   91 17 42   17 42     59 156 1 26 51         1 8 51 17     59 75 42             143 59 156   1 26 51       55     268   1 26 51       17 29 75 80           159   8 138   91 17 42   17 42     59 156 1 26 51         1 8 51 17     59 75 42             143 59 156   1 26 51       55     268   1 26 51       17 29 75 80           159     51 138   96 17 42   17 42     59 156 1 26 51         1 8 51 17     59 75 42             146 59 156   1 26 51       55     268   1 26 51       17 29 75 80           165       51 138   96 17 42   17 42     59 156 1 26 51         1 8 51 17     59 75 42             146 59 156   1 26 51       55     268   1 26 51       17 29 75 80           165   17 138   101 17 42   17 42     59 156 1 26 51         1 8 51 17     59 75 42             149 59 156   1 26 51       55     268   1 26 51       17 29 75 80           171       51 138   96 17 42   17 42     59 156 1 26 51         1 8 51 17     59 75 42             146 59 156   1 26 51       55     268   1 26 51       17 29 75 80           165   17 138   101 17 42   17 42     59 156 1 26 51         1 8 51 17     59 75 42             149 59 156   1 26 51       55     268   1 26 51       17 29 75 80           171   152 138   106 17 42   17 42     59 156 1 26 51         1 8 51 17     59 75 42             153 59 156   1 26 51       55     268   1 26 51       17 29 75 80           177       51 138   96 17 42   17 42     59 156 1 26 51         1 8 51 17     59 75 42             146 59 156   1 26 51       55     268   1 26 51       17 29 75 80           165   17 138   101 17 42   17 42     59 156 1 26 51         1 8 51 17     59 75 42             149 59 156   1 26 51       55     268   1 26 51       17 29 75 80           171   152 138   106 17 42   17 42     59 156 1 26 51         1 8 51 17     59 75 42             153 59 156   1 26 51       55     268   1 26 51       17 29 75 80           177   268     1 26 51       29 75 80   55     143 1 26 51       59 156   17   1     111 17 42   17 42     59 156 1 26 51         1 8 51 17     59 75 42               183   268     1 26 51       29 75 80   55     146 1 26 51       59 156   17   1     116 17 42   17 42     59 156 1 26 51         1 8 51 17     59 75 42               189       268     1 26 51       29 75 80   55     146 1 26 51       59 156   17   1     116 17 42   17 42     59 156 1 26 51         1 8 51 17     59 75 42               189   268     1 26 51       29 75 80   55     149 1 26 51       59 156   17   1     121 17 42   17 42     59 156 1 26 51         1 8 51 17     59 75 42               195       268     1 26 51       29 75 80   55     146 1 26 51       59 156   17   1     116 17 42   17 42     59 156 1 26 51         1 8 51 17     59 75 42               189   268     1 26 51       29 75 80   55     149 1 26 51       59 156   17   1     121 17 42   17 42     59 156 1 26 51         1 8 51 17     59 75 42               195   268     1 26 51       29 75 80   55     153 1 26 51       59 156   17   1     126 17 42   17 42     59 156 1 26 51         1 8 51 17     59 75 42               201       268     1 26 51       29 75 80   55     146 1 26 51       59 156   17   1     116 17 42   17 42     59 156 1 26 51         1 8 51 17     59 75 42               189   268     1 26 51       29 75 80   55     149 1 26 51       59 156   17   1     121 17 42   17 42     59 156 1 26 51         1 8 51 17     59 75 42               195   268     1 26 51       29 75 80   55     153 1 26 51       59 156   17   1     126 17 42   17 42     59 156 1 26 51         1 8 51 17     59 75 42               201   261       268     1 26 51       29 75 80   55     143 1 26 51       59 156   17   1     111 17 42   17 42     59 156 1 26 51         1 8 51 17     59 75 42               183                     228 8 138   91 17 42   17 42     59 156 1 26 51         1 8 51 17     59 75 42             143 59 156   1 26 51       55     268   1 26 51       17 29 75 80           159   8 138   91 17 42   17 42     59 156 1 26 51         1 8 51 17     59 75 42             143 59 156   1 26 51       55     268   1 26 51       17 29 75 80           159       237 8 138   91 17 42   17 42     59 156 1 26 51         1 8 51 17     59 75 42             143 59 156   1 26 51       55     268   1 26 51       17 29 75 80           159         246 8 138   91 17 42   17 42     59 156 1 26 51         1 8 51 17     59 75 42             143 59 156   1 26 51       55     268   1 26 51       17 29 75 80             1 8 13 55   59 42 68 72     73       159           

879=210 91   219 51 138   96 17 42   17 42     59 156 1 26 51         1 8 51 17     59 75 42             146 59 156   1 26 51       55     268   1 26 51       17 29 75 80           165   51 138   96 17 42   17 42     59 156 1 26 51         1 8 51 17     59 75 42             146 59 156   1 26 51       55     268   1 26 51       17 29 75 80           165     17 138   101 17 42   17 42     59 156 1 26 51         1 8 51 17     59 75 42             149 59 156   1 26 51       55     268   1 26 51       17 29 75 80           171       17 138   101 17 42   17 42     59 156 1 26 51         1 8 51 17     59 75 42             149 59 156   1 26 51       55     268   1 26 51       17 29 75 80           171   152 138   106 17 42   17 42     59 156 1 26 51         1 8 51 17     59 75 42             153 59 156   1 26 51       55     268   1 26 51       17 29 75 80           177       17 138   101 17 42   17 42     59 156 1 26 51         1 8 51 17     59 75 42             149 59 156   1 26 51       55     268   1 26 51       17 29 75 80           171   152 138   106 17 42   17 42     59 156 1 26 51         1 8 51 17     59 75 42             153 59 156   1 26 51       55     268   1 26 51       17 29 75 80           177   268     1 26 51       29 75 80   55     143 1 26 51       59 156   17   1     111 17 42   17 42     59 156 1 26 51         1 8 51 17     59 75 42               183   268     1 26 51       29 75 80   55     146 1 26 51       59 156   17   1     116 17 42   17 42     59 156 1 26 51         1 8 51 17     59 75 42               189       268     1 26 51       29 75 80   55     146 1 26 51       59 156   17   1     116 17 42   17 42     59 156 1 26 51         1 8 51 17     59 75 42               189   268     1 26 51       29 75 80   55     149 1 26 51       59 156   17   1     121 17 42   17 42     59 156 1 26 51         1 8 51 17     59 75 42               195       268     1 26 51       29 75 80   55     146 1 26 51       59 156   17   1     116 17 42   17 42     59 156 1 26 51         1 8 51 17     59 75 42               189   268     1 26 51       29 75 80   55     149 1 26 51       59 156   17   1     121 17 42   17 42     59 156 1 26 51         1 8 51 17     59 75 42               195   268     1 26 51       29 75 80   55     153 1 26 51       59 156   17   1     126 17 42   17 42     59 156 1 26 51         1 8 51 17     59 75 42               201       268     1 26 51       29 75 80   55     146 1 26 51       59 156   17   1     116 17 42   17 42     59 156 1 26 51         1 8 51 17     59 75 42               189   268     1 26 51       29 75 80   55     149 1 26 51       59 156   17   1     121 17 42   17 42     59 156 1 26 51         1 8 51 17     59 75 42               195   268     1 26 51       29 75 80   55     153 1 26 51       59 156   17   1     126 17 42   17 42     59 156 1 26 51         1 8 51 17     59 75 42               201   261       268     1 26 51       29 75 80   55     143 1 26 51       59 156   17   1     111 17 42   17 42     59 156 1 26 51         1 8 51 17     59 75 42               183               51 138   96 17 42   17 42     59 156 1 26 51         1 8 51 17     59 75 42             146 59 156   1 26 51       55     268   1 26 51       17 29 75 80           165   51 138   96 17 42   17 42     59 156 1 26 51         1 8 51 17     59 75 42             146 59 156   1 26 51       55     268   1 26 51       17 29 75 80           165     17 138   101 17 42   17 42     59 156 1 26 51         1 8 51 17     59 75 42             149 59 156   1 26 51       55     268   1 26 51       17 29 75 80           171       17 138   101 17 42   17 42     59 156 1 26 51         1 8 51 17     59 75 42             149 59 156   1 26 51       55     268   1 26 51       17 29 75 80           171   152 138   106 17 42   17 42     59 156 1 26 51         1 8 51 17     59 75 42             153 59 156   1 26 51       55     268   1 26 51       17 29 75 80           177       17 138   101 17 42   17 42     59 156 1 26 51         1 8 51 17     59 75 42             149 59 156   1 26 51       55     268   1 26 51       17 29 75 80           171   152 138   106 17 42   17 42     59 156 1 26 51         1 8 51 17     59 75 42             153 59 156   1 26 51       55     268   1 26 51       17 29 75 80           177   268     1 26 51       29 75 80   55     143 1 26 51       59 156   17   1     111 17 42   17 42     59 156 1 26 51         1 8 51 17     59 75 42               183   268     1 26 51       29 75 80   55     146 1 26 51       59 156   17   1     116 17 42   17 42     59 156 1 26 51         1 8 51 17     59 75 42               189       268     1 26 51       29 75 80   55     146 1 26 51       59 156   17   1     116 17 42   17 42     59 156 1 26 51         1 8 51 17     59 75 42               189   268     1 26 51       29 75 80   55     149 1 26 51       59 156   17   1     121 17 42   17 42     59 156 1 26 51         1 8 51 17     59 75 42               195       268     1 26 51       29 75 80   55     146 1 26 51       59 156   17   1     116 17 42   17 42     59 156 1 26 51         1 8 51 17     59 75 42               189   268     1 26 51       29 75 80   55     149 1 26 51       59 156   17   1     121 17 42   17 42     59 156 1 26 51         1 8 51 17     59 75 42               195   268     1 26 51       29 75 80   55     153 1 26 51       59 156   17   1     126 17 42   17 42     59 156 1 26 51         1 8 51 17     59 75 42               201       268     1 26 51       29 75 80   55     146 1 26 51       59 156   17   1     116 17 42   17 42     59 156 1 26 51         1 8 51 17     59 75 42               189   268     1 26 51       29 75 80   55     149 1 26 51       59 156   17   1     121 17 42   17 42     59 156 1 26 51         1 8 51 17     59 75 42               195   268     1 26 51       29 75 80   55     153 1 26 51       59 156   17   1     126 17 42   17 42     59 156 1 26 51         1 8 51 17     59 75 42               201   261       268     1 26 51       29 75 80   55     143 1 26 51       59 156   17   1     111 17 42   17 42     59 156 1 26 51         1 8 51 17     59 75 42               183                     228 51 138   96 17 42   17 42     59 156 1 26 51         1 8 51 17     59 75 42             146 59 156   1 26 51       55     268   1 26 51       17 29 75 80           165   51 138   96 17 42   17 42     59 156 1 26 51         1 8 51 17     59 75 42             146 59 156   1 26 51       55     268   1 26 51       17 29 75 80           165       237 51 138   96 17 42   17 42     59 156 1 26 51         1 8 51 17     59 75 42             146 59 156   1 26 51       55     268   1 26 51       17 29 75 80           165         246 51 138   96 17 42   17 42     59 156 1 26 51         1 8 51 17     59 75 42             146 59 156   1 26 51       55     268   1 26 51       17 29 75 80             1 8 13 55   59 42 68 72     73       165           

880=210 96   219 17 138   101 17 42   17 42     59 156 1 26 51         1 8 51 17     59 75 42             149 59 156   1 26 51       55     268   1 26 51       17 29 75 80           171   17 138   101 17 42   17 42     59 156 1 26 51         1 8 51 17     59 75 42             149 59 156   1 26 51       55     268   1 26 51       17 29 75 80           171     152 138   106 17 42   17 42     59 156 1 26 51         1 8 51 17     59 75 42             153 59 156   1 26 51       55     268   1 26 51       17 29 75 80           177       152 138   106 17 42   17 42     59 156 1 26 51         1 8 51 17     59 75 42             153 59 156   1 26 51       55     268   1 26 51       17 29 75 80           177   268     1 26 51       29 75 80   55     143 1 26 51       59 156   17   1     111 17 42   17 42     59 156 1 26 51         1 8 51 17     59 75 42               183   268     1 26 51       29 75 80   55     146 1 26 51       59 156   17   1     116 17 42   17 42     59 156 1 26 51         1 8 51 17     59 75 42               189       268     1 26 51       29 75 80   55     146 1 26 51       59 156   17   1     116 17 42   17 42     59 156 1 26 51         1 8 51 17     59 75 42               189   268     1 26 51       29 75 80   55     149 1 26 51       59 156   17   1     121 17 42   17 42     59 156 1 26 51         1 8 51 17     59 75 42               195       268     1 26 51       29 75 80   55     146 1 26 51       59 156   17   1     116 17 42   17 42     59 156 1 26 51         1 8 51 17     59 75 42               189   268     1 26 51       29 75 80   55     149 1 26 51       59 156   17   1     121 17 42   17 42     59 156 1 26 51         1 8 51 17     59 75 42               195   268     1 26 51       29 75 80   55     153 1 26 51       59 156   17   1     126 17 42   17 42     59 156 1 26 51         1 8 51 17     59 75 42               201       268     1 26 51       29 75 80   55     146 1 26 51       59 156   17   1     116 17 42   17 42     59 156 1 26 51         1 8 51 17     59 75 42               189   268     1 26 51       29 75 80   55     149 1 26 51       59 156   17   1     121 17 42   17 42     59 156 1 26 51         1 8 51 17     59 75 42               195   268     1 26 51       29 75 80   55     153 1 26 51       59 156   17   1     126 17 42   17 42     59 156 1 26 51         1 8 51 17     59 75 42               201   261       268     1 26 51       29 75 80   55     143 1 26 51       59 156   17   1     111 17 42   17 42     59 156 1 26 51         1 8 51 17     59 75 42               183               17 138   101 17 42   17 42     59 156 1 26 51         1 8 51 17     59 75 42             149 59 156   1 26 51       55     268   1 26 51       17 29 75 80           171   17 138   101 17 42   17 42     59 156 1 26 51         1 8 51 17     59 75 42             149 59 156   1 26 51       55     268   1 26 51       17 29 75 80           171     152 138   106 17 42   17 42     59 156 1 26 51         1 8 51 17     59 75 42             153 59 156   1 26 51       55     268   1 26 51       17 29 75 80           177       152 138   106 17 42   17 42     59 156 1 26 51         1 8 51 17     59 75 42             153 59 156   1 26 51       55     268   1 26 51       17 29 75 80           177   268     1 26 51       29 75 80   55     143 1 26 51       59 156   17   1     111 17 42   17 42     59 156 1 26 51         1 8 51 17     59 75 42               183   268     1 26 51       29 75 80   55     146 1 26 51       59 156   17   1     116 17 42   17 42     59 156 1 26 51         1 8 51 17     59 75 42               189       268     1 26 51       29 75 80   55     146 1 26 51       59 156   17   1     116 17 42   17 42     59 156 1 26 51         1 8 51 17     59 75 42               189   268     1 26 51       29 75 80   55     149 1 26 51       59 156   17   1     121 17 42   17 42     59 156 1 26 51         1 8 51 17     59 75 42               195       268     1 26 51       29 75 80   55     146 1 26 51       59 156   17   1     116 17 42   17 42     59 156 1 26 51         1 8 51 17     59 75 42               189   268     1 26 51       29 75 80   55     149 1 26 51       59 156   17   1     121 17 42   17 42     59 156 1 26 51         1 8 51 17     59 75 42               195   268     1 26 51       29 75 80   55     153 1 26 51       59 156   17   1     126 17 42   17 42     59 156 1 26 51         1 8 51 17     59 75 42               201       268     1 26 51       29 75 80   55     146 1 26 51       59 156   17   1     116 17 42   17 42     59 156 1 26 51         1 8 51 17     59 75 42               189   268     1 26 51       29 75 80   55     149 1 26 51       59 156   17   1     121 17 42   17 42     59 156 1 26 51         1 8 51 17     59 75 42               195   268     1 26 51       29 75 80   55     153 1 26 51       59 156   17   1     126 17 42   17 42     59 156 1 26 51         1 8 51 17     59 75 42               201   261       268     1 26 51       29 75 80   55     143 1 26 51       59 156   17   1     111 17 42   17 42     59 156 1 26 51         1 8 51 17     59 75 42               183                     228 17 138   101 17 42   17 42     59 156 1 26 51         1 8 51 17     59 75 42             149 59 156   1 26 51       55     268   1 26 51       17 29 75 80           171   17 138   101 17 42   17 42     59 156 1 26 51         1 8 51 17     59 75 42             149 59 156   1 26 51       55     268   1 26 51       17 29 75 80           171       237 17 138   101 17 42   17 42     59 156 1 26 51         1 8 51 17     59 75 42             149 59 156   1 26 51       55     268   1 26 51       17 29 75 80           171         246 17 138   101 17 42   17 42     59 156 1 26 51         1 8 51 17     59 75 42             149 59 156   1 26 51       55     268   1 26 51       17 29 75 80             1 8 13 55   59 42 68 72     73       171           

