0001111111101010110001001000110100011111011000001000001010000111000110001011001110111100110100110100110111100011010001101110111110001110100000101001001001001011010011110000011110011001000100110010011000101000
1101110011000011111000010110111001011111011100010011110011100101001111110111110101010011000000111111111001111001010010001001111101000101110101101010000000100011100100111001011100101100101111010110111110011111
1001111001001000101001011001111011111011101101111010100001001110000010011000100101000001011000001110111111111000000010011110101100000000110010000011110101001001001001100100100111101010100010101110011110111011
0001111100110111100010000011110111111010111000100101011000000100000011111100111000100100011110000001010011100110000000111001001110101011100111110000010011100100101110101001101001111101011001000110011110111010
1101001011101010010111111100110110011010111011101111000001100110011011001010001011011110101000001000100000101111011001001011100100110000100011100001011110001100001000110100001010000000011110001000100010011111
0101001111001110011100111100101000101011011110110101011010001100011111101111100011110111110110000011001100110101111011000110100110000011110010110011111101100100101111011101000100100011110101001000010110011100
1111001110110011011101100010100100001010010011110010101011100110000101010011011100001000000000011000001101001010100001100001010100001011110111000000000010011100101000000001010010011110111100000001100110111101
0001001100111010000110101101000111001111001010101001010101010101011011111100001100000010001010110101000110000000101100110110010110101111101000101000110101101111111101001101111110010000000000011101110000010101
1001101101011100101010011011001010000001000110011010001101110010100001000000101110110111110011011011000100000010101001100011111010110001100001011110111101110101110101001010011001100001111011011101110000110111
1100101000010111101011001011100000011010111001101100111001011111111110101001110000001011011001010100101110000100010110010011110010110010110110010000110011010110100101000010110110010100000101111011110110101000
0111111111100010111000101000001111001111111101111110010100110101100011101101111010010101101010100101001001010101110101100111101100011110100001001011011001111011011100010100000100101110001100110101010100110111
1011111010111011111001010010010110001111110000010100000111011001110110111011001010100100110100101100111110001111001111000010001110011001110000011000011100010011111011001101001111010001100111110101110000100110
0001011100010101010110000100011000100110110111001011111110111011110100010111110101001110010010100110110110110110001111110100101100100010110101011001110011111010011101110000001001010010101000101001000000001001
0000011001010000000111110011111010110101100001011001000110010011111001011010111001110001001101101001010001100110000010010000100000100001100010001110011101011011101110101110101011101101000110001111000010110110
1010011000111011001111110001010101111111011110101001110010111110101111101001100110101111100101110010111011100000111001100100110001101100111001000000111101011001010110101110011101011001111110000111101100101011
0010011111111111010100101111011000111110011101111011101000010100100111001100011001011000011011011001010100111111101000010011011010001110101100010011010010100010110001110011111001100010000101001011011000011000
0001000010010100011101001100110011100011010011001101011100111000100010101001010101000110100000010011110010100011110111100111011111000101101011011000111000010100000000101101011111011110111110111101011011000011
1010000111001101011100011000001001110000000100111111110000010000111101101010001110111100101010011000011001110101011100010001110001000100011101010111001010110101000010110101101001101001010110110011011101011110
1011000001001010001101111010000110011010111000001101000111011100111111011111100000100001010101101111111110110111111010100100101001000001001110001001100110010110111111000011001010010001100011010111111111011001
0101101001101100101011110000101110100010010001011000111110111000111101110011011010110101010000000001101100101100101111010100010101101101011111111010010110000101000001110000000111101001001010010101101111000010
1110100100000110100010010111000001011001001111101010011011010100100000001110010000100010001010001110100110010000100100100000001001101111001000110101000100100100110011001100100001010101110010111011111101001100
1000100001010111100011010111101001001010011010011001100111111101110111001101001111111110100101101101000001010010000011010100001001000110011111001010101110100101111010010110000111101011011101011111111011011111
0001100110011000110001100101100010000111110101101011010111010001111011101000000101000000011101110111100111000100111000111100000101000011001101000000000100000110001101001000110101010010100101000001111001000000
0010110110100000111000100110001100110101100011011001111000011101101100001011111001011111110110111000001110010101110111001001111001000000011010001111101000100010110101011000111001100110100001101111011111001101
1010110011110111100001111100010000011100100000011110101001010101110100111110100111101101101000110011100010001111110101111100111011101010001111111100001111001011010010000101110111111001000100101111111011101110
0001110100011110101010001110110010001111011111101110110101001111100111111011001001110011000111011001000001001001011010001000010001101011011110110011100101101010100010011011010001001001100001100001110001010101
1111010100011000001110011100010110000100010111111101101101110001100101000110011011110110010010111010010011011010010001011100011101110111011101110000000101111000011111001001011100011011011000000101110001110110
1100010000100111001111100001011101011101101000001010011011011101101001101011110101101000011000100001001100101000001110101100111101010110001010111110100101011011110111110101111010100111100000000011010111101001
0000110101010111101100111101000001111100101010010001000010110111101001000111100001010011100100101010110100110010010100001110110111001111011111101100101110110011000000110101000100000110111011001011100011001000
1100001111011111010101010000110010111000000101111010110100000100100101101100011000001101110100001111100111100001011101011001100100011100011010100100011011001100101001100001100001110100010110010011010011101000
0111101001111100000111101000001110100011011001010111101101000010101110111111000000011000000100110110110010101010110100001000011010100100011100111000010100011101010110111011011111101010110111111001000001100110
1111101101001101101010110101000010000010011110001101100100101001101110001011111000100001110011111101011111110010001111101110111010001110011011101001110111110101010001100010011100011111010100000001110101000101
