0001000010000000111001101111001110100010010010001011111110100011110111101100000101000110100101110100010100001100001101111001011000011001001111011110111011010101110111001111110010000100011011000001010011000000
1110011010101111101001110100010111001100101000101011100110000111111101011000010000000110110110100011011001011011101001111001000100110111001000111110010011111011011100000001101110001001000100001011111101011010
0010011100000010001110101010011010101100101000110000011101101111101100011110111011011101111000001010111101000001101011011100101110101101001111001101011000010011111011011100100010100100010111100011001001011001
1001011001000000001110011100110011100111111111000110101000000011110111011011100011001011000110000001011000010110000100101001101010101110011110000011010000110010001000000000000100010000100111010101001111010010
0111110001100110101111101110110111111101011101110110110001101111110101100110001111111110100010110000001100000000111011111001000010010010001101000001011000100001100010010011101001000111010110000011101101101000
0100110000101001100101111000011001100110001010000100010100000111110000001111110110000010011000011010001010000110010000001101001110010011011010001111010010000000011010001001001111010010110011111001101101111111
1001111110010000110100011001101010000111110100010110101000101010001111101010111000011100110111010101100101010010111111110001000010110110001101000100111000100011101001011101111101101110011001111101101011110000
0111111011000111110001101101100110110111000111010001010011000000011110011100000111110101001001011100001110101101011101010101100010111111001100010101111001001011001110100000111111010101110010110001001111110001
1111000110101011011010110111101111010110000010001011000110100010010010110001011111000110011101000111111010110101010110110010010000000001011001100110010110100011101000101101110001110000110101110001011011010100
1011101100110101111011111000101001010010010011100000111000001000011110011111001110000000000100101010100101100100001010100101010010010001010100001001100011001101000101100000001110100110010101100100111000110000
0101001101010101001100011010000111011001111011110111100000100100010100100010100100010111101001000110110111111110011111110001111010001111001111111010011011101010110110100010100010011110110100110110101001011000
1000001111011110110001110111000101111001010000001101010100001111000001101001111100001101011001111011000000101100100111110110101001101010100110010011101000000101011011100111101011011100110111001010110010111010
0010101011111000111100000001110001100011100111011010101101100000011011010011000100111000110100110000010000110111000010000011100100110110111101100100010000010111100001110101001010010011000110001000110011000010
0101101110000011011110110011011010011011100001101000011011001101000110111000101110100100001011111011110101010001111001110001001000110111101110111110101010110100010011101001100000101111100110101110110000000101
1100111011001000001111110000010000011000011110011000110110100101010000011001110011011010100001111001011110001001011110000101000010010100111000110001000000010101011010011011010111010010001001100010110010011000
1110111101001100000110011010111111000111001011101011000110111001011101001100111001000101111000010100111000001110110101110001010111011001100101111110101000010100101010000111110001100100110001010100110100000111
0101110000010111010111001110010101111110010101011001111010010001000110101110100111010011010110001111011111011110101010000101111011011001110110110000000110110011010001011101010011111101010111111000010110001100
1011111000110001100001111100001000000101111000000100001110101101001100000110000101000000101011001101000101001110100101010100110010100101101101110001101110010100101011001010111100101100100100111110000110111110
1010111101010110110000101010100010100110000110110110100100011001000010110111111010011110000000000110100111011010011110100000011111100100111010111110000100010000101010010010011010011000000111111100000000110001
0000011011011110010001110101101100000111100001101101111100111011000010010010111101110011110110001101101010000111100100000101011100011101111111001111100001111001111100000101000100110001000100110000110100110001
1001011110110001000011010111000110011100000110011011001000010110001111010101000001001111001000000111000000000011000011110001010101011000100100000100001011011000110111011001101010000100110100011110110110101111
1010001101110000001010010110101001000100011010101000111110110110011000101100011010011001000011111000100101110101111000000101101001011000110010101010100101111010000110000011001100011000011001101010010000111100
0000000000101011001011100100001011100011100101011010010010111010000100001001010100010111111001110011000010100100110111110001101111010011100111110101001111011011111100110111111110100000100011100100010010110011
1000000101010111010100110110000111010010100001010001001010111000010010101111101001111100011100111010100010111100110101011111000101110000110110010110101010110110011011111010111000010100011000100100101110110010
1011000011000100011101110101101101011011110100100111111100110101001111001010100110000010100010111000000101111100011110101011000101111001100001001101010000111110101011100000011100101000100000001010001000101101
0010000110101001001100100111010111100001111011010111100100010101011001011011111100010101001001000011100001100011011001011011011001111111110110000011111010011101110010111100011010010000001011001110001010100110
1110101110001111111110010001010010011011000111001101110000111010001010110110011110000011110100101011011101111001001100101101100101001001100101010101000110100110011010111111011111101010110100001100001010010101
1111100011001101100111100001110010111000101010111111011000010111010110000001000000011100011010100100111010101111100111011000111101000010110010001111101110101111101011101001110001010110010110100010001100011010
0100100100010110100111100010011101100001111100001001101101111011000001001000101111000110000001000111011100000111000000101100011001000011100010000000110100001100010011100001000010100110101111010100001110000111
1100010000101011101000111000010000000001111001010010110110010001010101000000111010101001110111011110111111010100101000011011010011111000100100010011110011100100110100111100001101011001100100011100001010000100
1110010001111111110001010010101011111110100100100010100010111101001011001011000100001111011111010110011001001110000011111011000111111110110000011100011000000101000110000010100011100110001110010000001100000111
0101010110010100110000000001000001111101011010010000001110110100000110111010001111010001100000011101111110011010110100001111101101110111100011010110010100000000010111010000110100010110110011110110001110011010
0100010011011111100001100001101110100100011101000110111001011000010001011111010001001110001010110010010101011001111111111011100000010110110100001001111110100011111110001100010110101011011011001000011000000101
1000110011111001011111100111100110111111100001110100100000110101010011100010110011001100110110010100110111000011101010101100001001000010100111111110010110010001000110011110011101011010100010011110001100100111
0111000000110010000010101000100000111111000000111110010000011110011111101101100011010010111111101001110000010101010010111011011110001111100010011110110001101010101011010011110100010100111010000100010110101111
1001110000010010100101011111000110000101101001000001101100110010011011000001000001101101001110100000100000100110110111101011100111111011110001100100111001111001011001011001110001000111000010000010010110111111
1101000000011100010100110000000100000001111000011010110110001101010010101010010000110111000110101101111011111100011110101000110100100011100000000110001000100111110100110110001100011001111000001010100111111001
0010100000111110110101011010110000001110110100101011001011110010010100010001101000100010111001100011101101101110011110111001011001010001110011110000111000110000001110100001100000101011000001101100000100010001
1001100010110100110111111100010011011011000011111101101011011110000010110010100001111100000011111100000011101111000001001101010000011110100000111110010010010010111101111011000111011111110101101010000110001110
1011100111000111101110111101011001100000001111001111011110010011101111111111011111100001101100011111100100111001100110111001010110011111110100100101010010110111100101100111100011100010011110010110000000001111
0010100010001110101111001111110110110001110000111101110000101001111000001100010101010111000110010101100111111011001101001101001010110011100011101011101100110110000100110101010001011010100110111000000001010000
0101101101010001111110001100011100111011100110001111000100000101100111101001001010001001111101011110001011100111110010111011100010110000010000100100000110010101111110101011111111100110101000111110100011111111
1001011000100101111001010010010000111010100001010001011100101101110110001101110011100010101011000101100010111100000011010100100000101011010101110111100001111101011001110110110001000011000111110110000011011110
0010011101101110111001000100111010100101111110100001001010000000101011111110111001110100000001101010001100001110111000100001011100001010000010111100001001011100001000100110010111111010101010000010000001000001
1100110110001000011100110110100101111011010010111010010010101101101101010101001011101001111011001000011110010101110100010001000100011110010001011011111001001111010000111000111010010011010011010000000010110111
1111110011011001010110000010001111110111101111001000101110000101101010010110000100111101010001000001111001000011111011100101110000010100000000010101001111101110001000001010011000101101110011101110000001111000
0001111110110111000111001001100001100100101001111110001010001000110110101011111110000010101010101011011011001011000000010001111100110001010110011110100101001001101001010110101110010100001110101000101101000111
0000111101101100000110101011001010011111110110001110111010100000100001001010110000011100000100110000010100011101100111100011110010111000000001110001001101011001010011001100001000100000100100000100101111000000
1011111000101101011111111010100000011110000000111100010101000100101110001001101011000010111111110111110011011010101100010111101011111011010010101111100111110010000010011000100001011101011001101010101001011101
0101010001001011101101001101111101000101100011101111101100101000100000110000000001010001010110111001110101000100111001000010010110001101000001011100001111001001111000000011000000100010110000100101101011110001
0000101011101010111101100010011110100001011000000000011000001011100010011010010000001111000011010100110110110000000001000101000101000100001000010111111110101011011101001111011000100000111100110101111111110101
1010000011101000011011000000011011111111110100010011000000100100101100110001110011111000111011101101110010100001110100010001101100010100010011000000001110100000110101001000110101110001000011111011101101000111
0101001110001011001010100010110011100100101001100011110110000100110011000010101101100110010011100110010110110001011111100001101000111001000010001011101110000001000100010010010010000000101000010111101001111000
1001001010010110001011110001111111100000101100110111001111100010100011100110010100101111100101101111100011101011011111000001000010111000000101011010000001101001100011111111010101111101000011011111011101001101
1011001101100100001001100011010001101001100000000111110010001011111101100011011111111011101110000101100001101000010000110001000110110000010000000101101011000110011011101111110011001001101011011001011111010010
0110001000101101011000000001100010111010010111110101010100000111101000011000000001100101010000000010000110111110110011000101111111010001000010001011011111100111101000110001000110010001011001110111111001001101
0101011001110010010001000000001000000011001001000111100100100011100111111101101011011010111011011000101011101010001100110001110001011110011101000100110101100110111000101101100100101100010100000011111011001000
0110011110010011000000110110100111011101111110110101011001001010110010111100110100010100000001110001001001100000100111000101110101011111001010001100011111000101000001111111000010010000101100001101110101010111
0000111111110111110110100100100111010011011000100000000100100111110100000001011110110011101000010010001001011011001010110100011101101011010011101010100111010110101001100100101111001110000101101111110101011000
0011111010111111100111010110001000000000001111010010100101001011111010100110000100000001010011111000101110001101110101000000010001100011000000100000011101110110010000110000001001110010111000101011010111001111
1010111111101000101110010011100010011101000000100000010011000010101101001111001010011111111011100011000110001101011110110100001101100110011110101111010101010001000000101110111011000110011010000101010101010001
1000111000000001111100110001101000111111110100010110101111101110100000001010110011010000000100101100100001010011011001001010100101001101001001110001111011110000110011010110010101011011100111101011010011011110
1111110101011011111101100010001101100100101011000110001010010010110110101001111101101100101110001110101110000010100010111110100001001100011010111110010001110001011011000000110010100001001111111111010001000011
1100011100111101010000011101111001111100000011111100110011101110110000010010001101001001010010100101111011011010100111101110001001001000000011101101111000010010100000011010010101111000110110101001000001100110
