1010001001111010010010101100010010100111011110001110001101001110101101110001000101111111111100101110011110011110010000011011000101100100011100100010010000110001110010001100110111000101011000010111100011111001
0011001010110011000011101110011000100100101000111000101000010010101010101100011010100011000111010100111001000001011011101111011011100111001010111000111010110000001011010100001001111111101001110001100101110100
1101101111011100000010110000010100101100101001100011100001010010100010000000101001011010000001011111011001111111000011001000111001101100001010101010011001011000101101001001000111101000001010011001010001110111
0101101001101000101101101011000001001101110110101001011000111001110011010111000100110100110101010000110110100100000001101101111011011111011111001011010110100000101010000100000100000011010101011001100001010010
0001100001100010011000000100110011000001001101110111111010010011101110011101010100101111101100101001010001111110010000111010001000000010011000100101101001111110100111111001111101011001111101001101111110110110
1101110110011100100101011000101101101001001010111101110011110001110111111000101101010011111010100010111101100000010010011100001010111001001101110101000010000111100000110000010011110100110010001101001110110111
0101110011110101100110011010100000001000001110100111101000011011110011101000110011111000010101101111011100111011111000101011100001111110101000000010100101001111000110100100010010000111111011000101111011010100
1110110110110000100111111010000011011001000001010001001101110110110100101011011101001110001111100110111001101101011011011111100010110001111011001100001101101110111101111000100001011010010011100001011000011111
0110010100011111111100100011001111011111000010010010100100011100111100001110000000110101111001111111000101010011010000011010011000000011111110011100000010000110011010110001101010111011111000011011101000011110
0101010001010111110101100011100101000110011100100000000010110000011000111011111111101011010110110101101110010110010111101111011100001010101001000010001000100001001010101111000000000111010001111111101010000001
0101010100010100110000010000011111011101101011010011111010011000000111011000110101110100101110010110001000001100111100011011010000001001111110001101101100001000110011011001100111111010101111010001001100010110
0000110100110010010010000111011010010110101101000110100110110110000001100010001111100000000011111110101010010110101000001011111000111111101111011100001100010010001011010011000010110101000100010111011001111100
0000100010101101001011111100111100000111011010110100000010111000000100100001000001110101111100010001000001000001101111111111110100110000111101010011100110110011101011010111101100101001111111110011011110101111
1011100111001101001011111100010101111100000001010110110011010100011011001100011110101011010110001010100111001011000100001011001100010000101010001001000100001000010010001101011100010100011011111101011100100010
1100100010010110001010011110111111110111100101100100001101110101001101101101110110010101001101001000000000011111111011111111001000011001111101000110101110001001000001010001111010100000100000001011011010111101
1101100101011111010001001101010100100010111010010000101001011001000000101010101000001001100011100011101001011001011100000010000100011110101110001000000010101110110001000011011000011000001000100111110000100010
1011100000101000111100010111001001100010111011011000000000111001000000011111010110101000010100101010000101110110110101100111100100100001111011011000100101010100010110011110001010111100000011001111000100110111
1111101000010100101101110101100110111001101111101000100111010101011110111100011010010110111100110101100110110010011110010011111100100101111100010010011111110111101100000010101000000100101011101001000000101000
0110000000010010010111110011101110100011001010110111111110110001001000000110100010100001000001011001010100100010010010000011000000110001101101110101101111110100000110010001001001110111010110101011010010011010
1111010111111001000010010010000001101000111100000101000011111001011111100101101000111111101110111110111010110011001001110110011100011010111111111010001111010101111111101011100011000010101111000101010000010101
1001010010101010000011000000101011111000100001110101100111010101000010101000110101000000010100110100011101110101100110000010011100011011101000110001110001110111101100111101000101111110001101100001100110001010
1111110001000011111001001100111000010000110000100010010101111100010011010001100011011011101101100110000010000000011111110000010100100010111101110001101001100100001101101101111111100000100001011100110110010100
0110110100111000010011101111011011000010101101010010110100110000011100010010111000000101111111101001100000000110111000000100001000101001101011111110010001100111011101110101011001111001001110110010110000001011
0101111011110101000010111101010001011101111011100000001000001000001011101111110110111000010010000010011111010110000011110001001110101100111100100000111111000010100100100011111111001101101110110100010000010110
1110101110100111000011011100111110110100000100010110111110101100010111001100101100100110101000011000011000000001001100000001100111000101101111101011010101110001010111111011001101110001010010001100010010011101
0001000110101110101100111000100000111100110101111100100010101110010110110100111001100101111010010010101000010001111000110011000010110011101001010011010101000010000101010110100110000011000010101100010110100000
1111001001101111111101110010101011110101000010001110011110100110001011010001110111111001010000011000000111000111110110000111010111111110111111001001111111100011010110001010000011111111111100000010111110111111
1100001100110101111100000101000001100110001110111000101001001011001100111010101111100110101011011111100101001010000101110111011011111111101100000110011101000000101110011000100001000010011101001110111000100000
0101001001011100110100000101100110011001011001101010001101100011010000111111100000011000000101100100001010011000101010000010010011111100110011100000010011000001001111000100011111010010110001101000111010100001
1111001111011011001011011011101001111001010100110001010100001101000010001011011111101010011011101100100001100010001001110101110001000110111110010010011111101101111000011011110001111111111100100000011110100010
1110011010110010001010111000000010100000100000000011101101100101011111101000000001110101101010100111100111110011100010000001101111000011100101011000111101001100010010000011010111001010000101110110101000111101
1100011111111100010011101010101000001011111111110111011011001000001001001101101000101011000000001000001000110101001101111101000011001000110001000111100111101111000011110101111101110010101001011010101011110000
1011111111011010100001011100111101110001010011100101100010100101011111110000011000111100111000101100011010101111010001110110001011111110101011010000110111111100111001000111111100100001010000011000111010000001
1000111100001001110000001100011111000011001110010111000111101101000010110101010100100010010010110011111000110100011010001010101111110101111101011011111011011100000010111011011110110100111001111110111000001000
0010111000000100111001101011110000001010101000100101111011000000010101011110001110010100101001011000011111100000110101111110100011110000000110010101001001111111100010100001101010001100000111010010111110010111
0011111101110110001010100001011010011101110111011001001101101100011010101011000001001111000111010010110001100110000110001010111011010000010001001010100011110110111001111101000100110000100111011100011101001000
0000111010111111001010010011110001100100100000101011100000001100001110101010111011010011111100010001010010010100001001111110110111011011000101000000001001000011001001101111000111000101011010101010011011001110
0110011010011011000111100101110111011010000110111000010001100010001100000111010101000110010001001011010000000111001110001110011111001101011111110110110001111100110011111000000011010010110011111100011110110101
0101011111010110100101110101011001110100110001001110101100101110000111110010001111011000101101000000011110000011111101111011011011100010000101111000001101111011011000100000101100101111001011000000010000011110
1010001010100101110100010110101010100111101111111110001010000010010010011001000000001100000110001111111101010001010010001111110111100011010010000011100111010011001001111110011010011011100100000110010011001001
1010001100101101111101010100000000111110001010001100110010101011001100011100011010110011011100101101011010000111011001111011101001100001000101001101101101110010111001001110111000000111010100101000110101010100
1001000001110110111100100101101111010101010100111110000111000111001011111111110110101101110011100110110110001110101110001001101000101100010101000010001111010001000010010000011110111100111000011100110111011011
1110101101000100011010110010101111101110111101101001011010101011101011000100000110111000001110011111100010010100101011011101000101011100000111100001101111010010101000000010110001110101000000001110100111101001
1100101000010111000011001001000000011111100001011001011011100111111100100111001101100100100101110101000101000010010000101001001101010001010001101110000011110011010000011100010111001001101010110000100101100010
0100101110101011101000010011000101111100100000001011010000101101100100010011111100000101010011111100100011111001100010001111101111100010010101111101000100001011110111000001001001101000100001010000110101100001
1111101011011000101001010001111110110001110111111001110100100101110110010110100111001011111111111011100000101011011101111011100011101000000111110011001110101100100100011001100111110101001001111110110111111100
1110110100010001110001100010010110001011001011001111001000011001101011110101101001110111100100100000000110100111110110001011111110101001010000111000100110101101010100001111000101001001110000010010110101110011
0101110001011110110000100010011001011010001100111101101111110100101100011000110001101001001110001010101001110100110001111111010110101100000101100111011100001100101101000111110010111000010110010100110011100000
0111110100001110100011000001110011000001110010001111010011010100110010011011011110111110110101000011001010110010011010001001010000000111010111101001111010101111011011111001010100000100101111101010010001111111
1000011101101010011111100110010111001011011011011110101011111000110000100000001110101000011100000001011000111000001101011100111100010001000101011010001010101101110100011010111001010111010010111110010001010101
0010010010000011001110100101111100010001000111101001011111110100110101000011100010110111100110001010111110110000001011101100110100111011010011110101100000001100101100100110011001100110111010001000011111000010
0111010011011100101101110101111110100100010000011011111011011100101010110110111000001101001101010101010101100111110000011000101000111110000100101010010000101101011111110100111111111010010001100010011101001101
1100010110011100111100011110010001101111101111101001000000110000111111111111110111010011110011111111110011000001011111100100001100111111010101100000111010101010100011101000001001000110100101100110011111010100
1111000001110111110100011100111011110110101011011001110100011101110001011000001101000110011000111100110100010001111110110000000100110100000011101111110000001011100010110110100011110101001101001000111001001011
0001100000110001010001111010101110101101011110000110101100010010110111100111000111010010101111010111111010000010001001100010101000000000010001011100011100111000011110100100100010100100110101001110101001101001
1010100101000110010011011010000110111110011000110100001000111011100000000100111001001101000000111101011100010100100110000111100000001100010111000011110100111010100111111010100000011000011001101000101011110110
1011100000001101001010001101101000010101100101000110110110011111101101000001110010010001111010101010111011010110000101110011111100001101000000001101011110001011010001101010001111101101100011010100101001111001
0001100111010101001011101111001011000100110011110110100011110011111011101010101110101111010001100001010000000010011010000111111010101110010001000010110100101010011000010100111101010111000110011010101111001010
0010100010110110011010101111100001011011001100100100001111011011100110101111000100111000001111001011110100001101110001110011010111100011000111001000011110001001101000001100011011001010111110111110001101000111
1100000010010100100100001001110100010100100000010011011110010111111100010011010100100100000010100010100100010011101100100011011110110111010101001100110010011010010100011011011100000011010111111100001101111111
1001111101010101111000001010010111010000000101001000100100011100101001111000000110101100011010011011010011100111111100110000101101011010000001000100000101110100110101010111111001000101011110100000111101111011
1111010101111011011110011100010010001010111000111011111000010001110111000011100110011001100101111001000001111110110001100011110000001100010011010111111101010111001010010100011100011110100111110010111111001001
1110010000110010010111101110110100010011110100001111101100111100101001100000011000000111000010010010100110101110001010010111001000000111000101011000010111110110111110011100111010100011001011001101010101000010
0101010101101001000111101000011111000001000011011101000101010100111100000101010101110010111000011101001100100000100101100011000101100010010000010111111111110101010101000010000000111011110010101001010011111111
0011010010001110000110001001110111101000011100101111110011111000110011001110001111101100010011010101101011110000100010000111000001100011000011001001000000011101000101010100100110001111010000100111010011110000
0010011111000110111101011011011000111111001010011101000111010100100110111011000001110010001101100110001100110111011001110111011011101001110101000010000010111110110100101100000001110000111100000001010100100111
0111110110100000101001101101001000100001100101000000011111011010100100010110111011100101000000001101001010111101011110000010100100011101110111110101010010100101000100101010000111100101000101000111000011001100
0111110011111011111000011111100110101011011011110010110011110010101110110011010000111011111011000111100100110111001101110110111011010100100001101110001000001100100101110000101100010000111100101011100101010110
1001000100001110111011101000100110001110111110111000000000011000101110000111001011000010110101101100111001001100010111000011011101110111110001101101011101100100010011111101010111001101100111111011010001010110
0000100101010000101010001010001001010111010010001110111101110101110001000100100011110110001001110011011001011010101000110111010001110000100111110011100011000001111010100101110101111101011101110101010111000001
0111101011110001101011011110100011100100000101111100001001011001110101100001111100101001100010110001110110001010001111000111110101111000110010111100101001000010101000110011011010000001110000011011010110001110
1100101110111010100001111101001001101110111010001110100101100001101010011010110110110111010000011010010100001100000100111010101001111001101001110111000011100011011001101111101100111100000000111111110100010100
1100101011100000110000111111000110010011101110111110010110000101101111011111101000000001011111010101111011011101101011011110100001110110111111111001100011000010100000010101001110000100101110100001110010011001
0001000011000010010101011001110000101101001011101001001011011001101101100010000010111010000010111011111001001101110111001110001101010000100100111110000011000000001000100110001011011110010100010011110001101000
1001001100000011011111111001010011011110011101001011111010100001110110000111111001101100101001001100011110001001111100111010000101010011110011110101101101100011011000010010100111100010111110000111111000100111
1010011000111000011110101010011001010010110000110001010110001101110000100110100111010011110111000111111100011110000011001100000011111011101010111010001111000110100001001100000001110110000010101001111010111010
0010111101100101000011111100110101110011110101111011101101100110111000000000001110111101001001001100111001100000010010111010111001111000100101001001100010101110000110010101101111001111001101101001111010111101
1001111010000111001000111110111111101000101011001111011001001010101101010101010101100011100000000110011001110110001011001110111101110011111000100111001000001101110100001011010001110010100110100111111000101010
1010111011011010011001011001010000011011111110111101101100100010000011111110011011000100011010111101111110111111101100111010010101010110101011111100111010001100001101011111110011000110000010011001111110100111
0000001101001000100011001110100001000111110110011011111010000100001000000010010110001001110101110001001110101100111101001101101001100100101000010001011110111101111111110101001111000001010101010001011000001110
1100001000111111100110010000101001001101110011000000100011101111011001110100100111101110011011101010000110010100110110011010001001110111101101000010010001010000011001110101100100100110101110011001101100001111
1111001111100110100101101010000111001100001111111010001000000011000100010001111100110100100000101001100001000100110001101110000100011111111010001101111101110001100000101001001111011000010110111111001110010000
0010001011101100110100101111101100010111011000001100111100101111010011011000110010001011001000000110001111000011001010011010011100011100101001000111111111110011110000110011101001100000111000100001000000000011
0001000110011101111101001101011110100110100111111110000000000111011101111111100010010111010111001100101110010011100100101010110000010001111111011000010101010010011011100111011011010101001001000101000010001100
1011101010011101011011001011011011011101101001101110110000001011011111000000001010000010010010010111111110000011001001101111111001100101101100101111110101110001100001101101010010110110100000000111010010110110
0100101101110100011010101001110101110110010110011100011110101111001110100011010101010100001000010100011000010110110010011001011100100100111001000100010111110010010000101011110000011110011100101001010000110001
0110111000110110000010111000011110101001010000101010101011000011000001100110111001001000100111011110110011010100011101101001010000101110101010001010111011010011001010010001110110101011010101001111110110101100
1010111100011011101001100110010001001000010111100001110010100000000001010000100110110001011001010101111101001110111100011010110010011101101111111000010100101111001101001100111010010100111100100111000010101011
0101110011010000101000000100100010111000001000010011000100001000011101110101011001001111100011111010010010111011010110100010101010010100111000101110110110001110001101010000000100100100000100011011000100100100
0100110110000101110001000011001000110011110110000011101100101100011010011101010001011011001000100000110001101001110001010111100100010011101010100101011110100101110100000010100110011011101100111101000110111001
0111110011101111110000111001100111101000100011110101011001010000000101011110001111000100010101100011010111100111001010100011100000111010111101001011100100100100000111011110000000000111001011110011100100101110
0001011000001001010110101111100111110010001111001111100100001110000111100100100111010000010000101000000101111101101111100011000000101110101110111101011000001110111101001101001101011010110000010101100100000110
0010010101000010011111011111001001110010110000001101010101100110000111000111111110001101001010100000111110101100001000010101000100101110111011100111110010000111100101010011001010100111001010010001100010011111
1001000100010111001110011100100010001001110110111001111011011010011000110010010000110011100101111011011000110010110011100001111000000011001000101000001000100100000110001011111000011001100111111111100000011000
1001000011111101101100111110001000010100101011001011001111110111001101111001001010100101011111011100111111110100111100010101110000000000011110100110100000000001110110111101011110101101001111001001001110000111
0011100110101000011101110000011100110101101110000000010110011101010111110100100010001110110001010101101100001011111110000011010010001011011010110110000110101001010001100000011010110111000110100001111010000110
1010100011010011011100110111010000000111010000110010101001110101000011111001111000010000101010011111001010011111010101110111011111101011001000111100101000001000101010101010111100001011111111001101111001001101
1001100101011010011111010111111011001100000101000100001101011001001100001010110110101111000110000100100001011101011010000011001001100100011111100011000010001011111010111110001010111011011011101011111111010010
0111000101111000110011111001011111010110100001010100110101010101000110100000001100011011010010001100100011010111000111000001110000110110001110010010101010111000110000110100100111101001100010101001101110100000
1100000000101010100010111011110100001111110110100110000001111001011111110011000011001110011000001111000101011000101100110101101100010001011001011101000010011001101011100010000101011101001011100101001100101111
1001010101000001100001001000110110001100011010010100111101010001011001010110111001110000100111000000100010001000000011000000100101011000001110010011001000011011011011111010100011100001110101010010001111110000
0011010010000000101000001000011001110010001101100010011110110100000100111101100111101110001101101010001000001110010000110100001001011100011100101100100110111110100010100100000101111010011101111100001001010001
0000010010011110111000001011110011101011010010011000101010011100010011111000100110110001110110110001001111011000111111000100011101010111001011100110000110011111110001000000110110000110101100111000001011001110
1100010111100011110001010001101111001010010100000010110011111010001011101101010101100011101000111000101100100111111111110111111111100100011110010110101001110111010111011001110111100001111101110000011111101111
1011011000110000101010100011000101011001100011110000001101010010011101101110011111111101000110111101001010111011110000000111110111101101001101011000010011010100101110000111010101011000001101010110011011100000
1001110000010110011110011101001010010010000111100101111101010100011111010101101100001010011001110011011010100010100001010000011011011001001100001011101011010111000100010100111000010011110000010000001001010001
1110110100011111001111001111100000001011010010010111010001111000010110110110100010110100010010111100111011100010000110100100010101011011011011010110000101110110110111001000011111001111011001111110000011001000
0111110001110001000100101110001110110000011101100101100100010100000001010011011000101011100100000110010101110100101101001100011101010110001100011001101101110111001111010010101001110110110001101010010101100111
0100101110100010010101101100100101110111101011010101011010111101011111011000010101111101001111000101110010111100100010111000001001110111011110010111010111010100011110000100001011000010001111000100110101111000
1010000110000100100001001010110001101000001110000010101010110000001100100010101101100110110010101110000010110101111111001100110101100011001100100100101111100110110110000100000010010001110101000110100111011010
0001000011001101111010001000011010110001011010111000000110011101111000000001100111110000011101000100100010110001010100111001001101101010011000111011000101100111001110011010100010100000011111100000100101000101
0011000011111011111011111001110100001110000101001010110010110101100111000100111011101110100111001111001101000111001010001001000001001100001111110000111101000000111111110000000100011100101011001100100011011110
1011000100100110110010100011110100101110000011000100101011011011110111010001000001100001101011010000100101011000011011111000000011010011011110100001011110101010011000101101110010010001011100100100110111101111
0000000001001101101000101001011000101101111100100100010000110011101011010010001011111011010000010011001010010110100100001000111011010110001001101111110100001001100010111001010100100000101011010010110101011000
0001001110011100101001011010100011110100111011010110110100011110101000110111110111101100111010111001101101000110101111111100110111111101010110100000011110101000110011100011110110011100100011111100110001000111
1010011011010110111000011000001001001011100101100100000000100110110111011110111100000000000101110010001101010000001000001000110001111001000100111110011110100011011001111111010000100000011110111000110011001110
0100110010110100000110111100001100100101001010110011111000111001111101100110000100100101100000001000101101001011011000001001011001101001001100101110011110001000100010101100011101101110110111011110100001111110
0111110111101111010111111110101110010101110100000011000110011100110000100100001000111011011011101011000010000001110111111101010101000100011010100000010000101001010010110010111010010010001111010100000011110001
1111110000011010111010100000100010110110110001001011010111111110110001010000110111000000100101100100111000000010010100001000110111010111001110110000010111010001110101100011000111010101100100010000111011010000
0101111101110000100001000111001100101011100100111111111010010010101110110101101000110110101011101111011111101110111011111100101011011100011100111010111111011100001111011111101001101101001111101100111011101111
0100111100100001100000010101110111010000111010000101001100101010101011010110100000101000010010110101110001111100011000001000100011111100000011100101110101111111011110000001001010010010111011100010111101100110
1111111010101110110000110100011101010000011101010111110000001111110001010011111110010110111000011110010010111010000111111101000110110001010100101011011111011111111110010011111100100110010001000100011111110001
1000101111110111111001111110010011001011000001100101010001100011100110101010010101001011010111011001111101101011101100001001011010110010000110100100101001001110000101011111011010011011111000101000011101101110
0010001111010011011011011000111000010001101100010000101100101110110100000111100111111111100010010101111110111001100000001001100011000110011110000111011001111101111111011100010111101100000101101010011101000100
1101001010110011011010111010010110011010110010100010011101000111101001100010101001001000011000011010111101101111111111111101111100001111110000001000110001011110101110000010110101011000111101001100011011010011
1100001101111100001011101001111101101110000111110000100011101011111110110001110111010100110111000001011010101101010100001001110000001010100111000010010011011011000100011010010011100101011100010010011001011000
0010101001010001001100110011100000001111001010101010111010000001100111010001010011101101101001001001111100010110010101011101010110100100110110010001111100110011110011010111110111010110011111010010001101011001
1110101100010011001101110011101011010100011100011100011110101101110000110000001101110011000000101010011111000010011010100001011010100011100001011110000010010000010010100001000001101010111101111110001011000110
