118 1 
119 4 
122 11 
123 17 
126 24 
127 30 
130 37 
131 43 
134 50 
135 56 
138 63 
139 69 
142 76 
143 82 
146 89 
147 95 
150 102 
151 108 
154 118 4 
157 8 119 
158 14 119 
159 122 17 
162 126 30 
165 130 43 
168 134 56 
171 138 69 
174 142 82 
177 146 95 
180 150 108 
183 21 123 
184 27 123 
185 34 127 
186 40 127 
187 47 131 
188 53 131 
189 60 135 
190 66 135 
191 73 139 
192 79 139 
193 86 143 
194 92 143 
195 99 147 
196 105 147 
197 112 151 
198 115 151 
199 154 159 162 165 168 171 174 177 180 
203 199 
213 199 
223 199 
224 203 154 
227 203 159 
230 203 162 
233 203 165 
236 203 168 
239 203 171 
242 1 213 
243 203 174 
246 213 11 
247 203 177 
250 213 24 
251 203 180 
254 213 37 
255 213 50 
256 213 63 
257 213 76 
258 213 89 
259 213 102 
260 224 157 
263 224 158 
264 227 183 
267 230 185 
270 233 187 
273 236 189 
276 239 191 
279 243 193 
282 247 195 
285 251 197 
288 227 184 
289 230 186 
290 233 188 
291 236 190 
292 239 192 
293 243 194 
294 247 196 
295 251 198 
296 260 264 267 270 273 276 279 282 285 
300 263 
301 288 
302 289 
303 290 
304 291 
305 292 
306 293 
307 294 
308 295 
309 296 
319 296 
329 296 
330 309 260 
331 309 264 
332 309 267 
333 309 270 
334 8 319 
335 309 273 
336 319 21 
337 309 276 
338 319 34 
339 309 279 
340 319 47 
341 309 282 
342 319 60 
343 309 285 
344 319 73 
345 319 86 
346 319 99 
347 319 112 
348 330 300 
349 331 301 
350 332 302 
351 333 303 
352 335 304 
353 337 305 
354 339 306 
355 341 307 
356 343 308 
357 348 349 350 351 352 353 354 355 356 
360 357 
370 357 
371 14 360 
372 360 27 
373 360 40 
374 360 53 
375 360 66 
376 360 79 
377 360 92 
378 360 105 
379 360 115 
380 4 242 334 371 
381 246 336 372 17 
386 250 338 373 30 
393 254 340 374 43 
399 255 342 375 56 
404 256 344 376 69 
407 257 345 377 82 
411 258 346 378 95 
414 259 347 379 108 
415 380 
416 381 386 393 399 404 407 411 414 
417 393 
418 404 
419 407 
420 411 
421 415 416 
422 386 417 
425 386 393 418 399 
428 399 393 419 
429 386 393 407 420 
430 381 386 422 399 
431 381 386 425 428 
432 381 422 425 429 
